 Coordinates, Gradient and Hessian of a Structure written by dl-find
           7           1           1
  0.000000000000000E+000
 Energy
  -116.109283819717     
 Coordinates
  -7.98929681494508        1.07786607378634      -5.595575136987230E-002
  -5.32810114633465       0.839652421818890      -0.348510950191227     
  -8.96770506264954      -0.700202310357142      -0.432696194351282     
  -8.60660021808202        2.48195906300247       -1.41966679356811     
  -8.48986273138900        1.73757210866246        1.84279284517738     
  -4.74915995035764      -0.327430104396438       0.906774945988778     
  -10.5726425480349        3.60921862334698        8.20711710367793     
 Gradient
 -1.347573592376353E-003 -1.423189813271173E-003 -2.410245748957585E-003
  2.010039436749446E-003  1.889350869414953E-004 -3.515345268738968E-004
  1.908008476481884E-004  1.933535434679466E-004  3.605790950831567E-004
  7.747499498410530E-004 -2.288165257021643E-004  6.564866081776472E-004
  2.509474518755606E-005  5.180681747552092E-004  1.886709440027310E-003
 -1.636690004618842E-003  7.368442876905908E-004 -1.904444386505308E-004
 -1.642138243095846E-005  1.480524611817032E-005  4.844957119385071E-005
 Hessian
  0.472719546595816       3.362778115497876E-003  2.086711708902812E-002
 -0.236932572243930       3.111494588901415E-002  7.882542544458679E-004
 -9.379524165088206E-002 -9.701062237026045E-002 -2.148298473714659E-002
 -6.365115289259551E-002  5.233936298835395E-002 -5.321088134108538E-002
 -5.781143234974721E-002  1.402331939305533E-002  4.370103236605037E-002
 -2.052716567298270E-002 -3.831890233620497E-003  9.332588430560226E-003
 -1.981785676140571E-006  2.106217961081553E-006  4.873938146377737E-006
  3.362778115497877E-003  0.590384087505874      -2.667129131223147E-002
  1.561129254203532E-004 -7.550128943084022E-002  1.754091384800480E-002
 -9.220294374139419E-002 -0.251874445311155      -4.343829652994378E-002
  4.313708856682840E-002 -0.180483245694243       0.128026577900424     
  1.416411022041236E-002 -7.988711177916179E-002 -7.145613511098542E-002
  3.138334396031187E-002 -2.637902436160566E-003 -3.998858399080889E-003
 -4.900470798258359E-007 -9.285431556656890E-008 -2.910396185426333E-006
  2.086711708902812E-002 -2.667129131223150E-002  0.584201459727078     
  3.809320345419541E-002  1.041831557702953E-002 -8.154127913699043E-002
 -2.156168300916219E-002 -4.161682806545411E-002 -6.358660485165851E-002
 -4.314869494392858E-002  0.126147679560894      -0.176485508967979     
  3.815061467988248E-002 -7.218640683339306E-002 -0.265286311365005     
 -3.240201953907822E-002  3.911132778547410E-003  2.703778594284877E-003
  1.462269050663350E-006 -2.601705402067525E-006 -5.533999722551815E-006
 -0.236932572243930       1.561129254203480E-004  3.809320345419541E-002
  0.405624458592004      -0.126486047920667       7.214880022158486E-002
 -3.496969614199846E-002  1.470041079435637E-003  2.952022421338832E-003
 -2.295974564782981E-002  3.718893496718073E-003  9.578349185225195E-004
 -2.645596973884183E-002  4.820272754325177E-003  6.385415552726675E-003
 -8.430530011957578E-002  0.116321253515238      -0.120537772325453     
 -1.174699825248576E-006 -5.258504670710312E-007  4.957570831561378E-007
  3.111494588901413E-002 -7.550128943084021E-002  1.041831557702952E-002
 -0.126486047920667       0.284536423931169      -0.256472512008749     
 -2.721928549894662E-002  1.227896489367148E-002  5.082229412358188E-003
  2.910460791816960E-002  1.457689599982439E-004 -3.817807815235489E-003
  1.341832328183254E-002  2.622373061874596E-003 -5.666689506675378E-004
  8.006858746970998E-002 -0.224082256466154       0.245354881131464     
 -1.131139118101073E-006  1.505027580831223E-008  1.562653802928945E-006
  7.882542544458635E-004  1.754091384800481E-002 -8.154127913699037E-002
  7.214880022158481E-002 -0.256472512008749       0.333335405096491     
 -4.011641618505419E-003  1.474653612882686E-003  4.636202054656911E-003
 -2.696732008628714E-002  1.527126226349036E-003  5.762850000893725E-003
  3.529939133239711E-002 -1.179620791145177E-003  4.700140807460826E-003
 -7.726351310863851E-002  0.237110232690934      -0.266894858664393     
  6.029005009461610E-006 -7.935782702213540E-007  1.539841878193427E-006
 -9.379524165088207E-002 -9.220294374139426E-002 -2.156168300916219E-002
 -3.496969614199849E-002 -2.721928549894661E-002 -4.011641618505431E-003
  0.117117451132545       0.108783804391386       2.194046388083413E-002
  5.601429488163639E-003  7.351441607694581E-003  2.370094566246498E-003
  5.098145745328792E-003  4.667071839301444E-003  4.841672037894856E-004
  9.483771300872411E-004 -1.379248849817116E-003  7.826841646804275E-004
 -4.657032443404329E-007 -8.397482241705899E-007 -4.085187882938513E-006
 -9.701062237026042E-002 -0.251874445311155      -4.161682806545412E-002
  1.470041079435650E-003  1.227896489367151E-002  1.474653612882670E-003
  0.108783804391386       0.264597185194974       4.678853447936838E-002
 -9.027790147836714E-003 -1.803615741655887E-002 -6.175814864186440E-003
 -3.624771347840143E-003 -7.971210917448025E-003 -8.042958956789476E-004
 -5.935257757322464E-004  1.007328959457897E-003  3.348391002939169E-004
  2.864170847727277E-006 -1.665402941451843E-006 -1.088367225448385E-006
 -2.148298473714659E-002 -4.343829652994378E-002 -6.358660485165855E-002
  2.952022421338842E-003  5.082229412358198E-003  4.636202054656909E-003
  2.194046388083412E-002  4.678853447936837E-002  5.840879995461280E-002
  9.961674250704581E-003  2.001723740064237E-002  5.657111675245091E-003
 -1.248759753744016E-002 -2.782003018966361E-002 -4.758504228222295E-003
 -8.835489912669608E-004 -6.295230805067610E-004 -3.580859872209846E-004
 -2.928702405207604E-008 -1.514922549712518E-007  1.081382587133677E-006
 -6.365115289259554E-002  4.313708856682838E-002 -4.314869494392860E-002
 -2.295974564782980E-002  2.910460791816959E-002 -2.696732008628713E-002
  5.601429488163641E-003 -9.027790147836719E-003  9.961674250704577E-003
  8.573328115327530E-002 -5.950523489927195E-002  5.570470350778587E-002
  3.158836372655017E-003 -4.884446991785300E-003  3.497792438080501E-003
 -7.881646260778856E-003  1.176066179417636E-003  9.537159622737799E-004
 -1.002212889675175E-006 -2.906255215203261E-007 -1.871128629069925E-006
  5.233936298835395E-002 -0.180483245694243       0.126147679560894     
  3.718893496718067E-003  1.457689599982025E-004  1.527126226349019E-003
  7.351441607694593E-003 -1.803615741655885E-002  2.001723740064236E-002
 -5.950523489927196E-002  0.188604628278664      -0.137993340932082     
 -3.798094252517475E-003  8.647537040529103E-003 -8.490345000850013E-003
 -1.054095520878364E-004  1.120858311162944E-003 -1.211170269397751E-003
 -9.593888896782285E-007  6.105204474509689E-007  2.813014444494010E-006
 -5.321088134108538E-002  0.128026577900424      -0.176485508967979     
  9.578349185225306E-004 -3.817807815235484E-003  5.762850000893740E-003
  2.370094566246497E-003 -6.175814864186441E-003  5.657111675245090E-003
  5.570470350778589E-002 -0.137993340932082       0.182462378736017     
 -7.556079469408927E-003  2.122464132988569E-002 -1.875183619978037E-002
  1.735855346066482E-003 -1.264186262995502E-003  1.357005535517065E-003
 -1.527528127991950E-006 -6.935581067367281E-008 -2.000779912226070E-006
 -5.781143234974719E-002  1.416411022041237E-002  3.815061467988248E-002
 -2.645596973884183E-002  1.341832328183253E-002  3.529939133239710E-002
  5.098145745328793E-003 -3.624771347840133E-003 -1.248759753744016E-002
  3.158836372655007E-003 -3.798094252517477E-003 -7.556079469408920E-003
  7.434353339639017E-002 -1.912787612012101E-002 -5.468098522373868E-002
  1.668648949617966E-003 -1.028631830422815E-003  1.283885177960694E-003
 -1.762375405462203E-006 -3.059951345431395E-006 -9.228959651098088E-006
  1.402331939305533E-002 -7.988711177916182E-002 -7.218640683339306E-002
  4.820272754325173E-003  2.622373061874615E-003 -1.179620791145183E-003
  4.667071839301444E-003 -7.971210917448027E-003 -2.782003018966360E-002
 -4.884446991785306E-003  8.647537040529106E-003  2.122464132988569E-002
 -1.912787612012102E-002  7.678650717232424E-002  8.083634337702979E-002
  5.060127478226785E-004 -1.943377036887927E-004 -8.828934536147042E-004
 -4.353622594539033E-006 -3.756874426445880E-006  7.966560899022171E-006
  4.370103236605037E-002 -7.145613511098547E-002 -0.265286311365005     
  6.385415552726674E-003 -5.666689506675404E-004  4.700140807460803E-003
  4.841672037894895E-004 -8.042958956789477E-004 -4.758504228222321E-003
  3.497792438080521E-003 -8.490345000850007E-003 -1.875183619978041E-002
 -5.468098522373869E-002  8.083634337702977E-002  0.283156385868713     
  6.250281303507294E-004  4.724402525395856E-004  9.153263982926918E-004
 -1.245046724603625E-005  8.661328622648959E-006  2.479871853402792E-005
 -2.052716567298269E-002  3.138334396031191E-002 -3.240201953907822E-002
 -8.430530011957578E-002  8.006858746970998E-002 -7.726351310863851E-002
  9.483771300872409E-004 -5.935257757322464E-004 -8.835489912669628E-004
 -7.881646260778858E-003 -1.054095520878551E-004  1.735855346066486E-003
  1.668648949617955E-003  5.060127478226886E-004  6.250281303507324E-004
  0.110096569297304      -0.111258999295107       0.108187646231556     
  5.166763254260210E-007 -9.554919836133419E-009  5.519310117336652E-007
 -3.831890233620491E-003 -2.637902436160546E-003  3.911132778547410E-003
  0.116321253515238      -0.224082256466154       0.237110232690934     
 -1.379248849817128E-003  1.007328959457879E-003 -6.295230805067664E-004
  1.176066179417659E-003  1.120858311162907E-003 -1.264186262995501E-003
 -1.028631830422836E-003 -1.943377036888059E-004  4.724402525396025E-004
 -0.111258999295107       0.224786481183024      -0.239598805932112     
  1.450514317486288E-006 -1.718476372540087E-007 -1.290446409016963E-006
  9.332588430560226E-003 -3.998858399080870E-003  2.703778594284908E-003
 -0.120537772325453       0.245354881131464      -0.266894858664393     
  7.826841646804327E-004  3.348391002939221E-004 -3.580859872209892E-004
  9.537159622737947E-004 -1.211170269397768E-003  1.357005535517070E-003
  1.283885177960695E-003 -8.828934536146988E-004  9.153263982926956E-004
  0.108187646231556      -0.239598805932112       0.262276713275065     
 -2.747641583917346E-006  2.007822441801187E-006  1.208484566638375E-007
 -1.981785676151958E-006 -4.900470798278385E-007  1.462269050699474E-006
 -1.174699825248388E-006 -1.131139118116847E-006  6.029005009474961E-006
 -4.657032443404814E-007  2.864170847730688E-006 -2.928702405224999E-008
 -1.002212889677438E-006 -9.593888896703583E-007 -1.527528127999738E-006
 -1.762375405463461E-006 -4.353622594543905E-006 -1.245046724603371E-005
  5.166763254173075E-007  1.450514317486383E-006 -2.747641583924735E-006
  5.870100715463663E-006  2.619512516941260E-006  9.263649921836381E-006
  2.106217961081708E-006 -9.285431557082907E-008 -2.601705402055067E-006
 -5.258504670712509E-007  1.505027580544022E-008 -7.935782702185439E-007
 -8.397482241660103E-007 -1.665402941453718E-006 -1.514922549701785E-007
 -2.906255215174255E-007  6.105204474525443E-007 -6.935581067779852E-008
 -3.059951345431678E-006 -3.756874426449553E-006  8.661328622648747E-006
 -9.554919836682323E-009 -1.718476372569893E-007  2.007822441806482E-006
  2.619512516941849E-006  5.061408597473537E-006 -7.053019326533908E-006
  4.873938146377944E-006 -2.910396185440642E-006 -5.533999722503828E-006
  4.957570831646024E-007  1.562653802911484E-006  1.539841878152679E-006
 -4.085187882935174E-006 -1.088367225452959E-006  1.081382587121427E-006
 -1.871128629063860E-006  2.813014444495626E-006 -2.000779912218219E-006
 -9.228959651107112E-006  7.966560899039090E-006  2.479871853403708E-005
  5.519310117323822E-007 -1.290446409018705E-006  1.208484566501874E-007
  9.263649921832776E-006 -7.053019326532543E-006 -2.000601182124014E-005
 Masses in au
   21874.6618111745        29156.9463602902        1837.15258665392     
   1837.15258665392        1837.15258665392        1837.15258665392     
   1837.15258665392     
