 Coordinates, Gradient and Hessian of a Structure written by dl-find
           7           1           1
  0.000000000000000E+000
 Energy
  -116.095685170989     
 Coordinates
  -7.97606872830051        1.08671301813423       1.420904375560040E-002
  -5.41384824958210       0.891969504498173      -0.236313909752626     
  -9.02274146199762      -0.671431788823197      -0.135732263223958     
  -8.69369129493255        2.60516319433802       -1.14578077137357     
  -8.65232461135031        1.97305794019113        2.71795001846830     
  -4.81384718377626      -0.524587743845132       0.698825644482775     
  -9.00000162516493        2.48326732077161        4.35296968466471     
 Gradient
  1.418693245249141E-003  3.780474143209818E-003  1.004171415867300E-002
 -3.642269251683042E-003 -7.277038795886918E-003  1.668264419268641E-003
  1.683054614317945E-003  1.809574576549217E-003 -3.391569372686531E-003
  1.286258153909225E-003 -3.389284928122249E-003 -8.347804161869506E-004
  6.904685534417463E-003 -9.985321952892617E-003 -3.146031999335965E-002
 -1.666198378331505E-003  6.432498329384438E-003 -3.443808890738421E-003
 -5.984223917882021E-003  8.629098627758904E-003  2.742050009503063E-002
 Hessian
  0.549949029276914       1.415004806460093E-002  6.970229279748066E-002
 -0.334530374423629       4.170920752874106E-002  2.132953411924874E-002
 -0.111159293066868      -0.117103717683781      -2.118640855369789E-002
 -7.687578781411855E-002  6.929762486017346E-002 -6.432563989051646E-002
 -6.939228252637976E-003 -8.260653484770822E-003 -2.522222579933891E-002
 -2.131517957944542E-002 -3.724854710463022E-003  7.206349959496457E-003
  8.708338597824727E-004  3.932345425499631E-003  1.249609736732794E-002
  1.415004806460094E-002  0.583718243533083      -0.160467826925867     
 -4.546975284747049E-003 -8.635299559248566E-002  2.959617367467807E-002
 -0.105958701327046      -0.271238044830358      -2.362343230927287E-002
  5.892880690172739E-002 -0.214067249512415       0.150273600368527     
 -8.426161964030775E-003 -5.895833675872089E-003  3.178287857768469E-002
  4.091431555717528E-002 -3.574494500253196E-003 -5.760752672617895E-003
  4.938668052322783E-003 -2.589625421699370E-003 -2.180064071313320E-002
  6.970229279748064E-002 -0.160467826925867       0.182139325920060     
  2.225021000783295E-002  2.427527056452660E-002 -4.232194375133426E-002
 -8.918186811079818E-003 -4.132070806480291E-003 -2.952797768802805E-002
 -4.773356597567845E-002  0.129369816963764      -0.132662288420998     
 -2.772792963374985E-002  3.242356674667846E-002  8.452585292493285E-002
 -2.418574600263904E-002  6.500261935653655E-004  2.143025948235442E-003
  1.661292561784074E-002 -2.211878273618887E-002 -6.429599493286905E-002
 -0.334530374423629      -4.546975284747062E-003  2.225021000783295E-002
  0.480624736035744      -0.152942955914901       5.739954030150251E-002
 -3.158257691864454E-002  3.148286857821799E-003  4.906180832197507E-003
 -2.142245755847976E-002  2.777251150707726E-003  1.661614916780402E-003
 -9.015993357124727E-003  2.614700288518421E-003  6.197916244042410E-003
 -8.619855925296067E-002  0.148582894949403      -9.503715305437996E-002
  2.125225475095442E-003  3.667979531977224E-004  2.621690752024049E-003
  4.170920752874106E-002 -8.635299559248566E-002  2.427527056452659E-002
 -0.152942955914900       0.420394418082358      -0.253303146642547     
 -2.905110501889564E-002  1.255093577891003E-002  6.145973243490045E-003
  3.247033144756800E-002  1.270237374828115E-003 -6.255929114743290E-003
  4.887079764486497E-003 -1.010920911234445E-004 -3.747804693787020E-003
  0.103818851515517      -0.348035760078425       0.232271614781367     
 -8.914093225186757E-004  2.742565259359476E-004  6.140218616936744E-004
  2.132953411924871E-002  2.959617367467809E-002 -4.232194375133427E-002
  5.739954030150252E-002 -0.253303146642547       0.190271516139181     
 -3.069321623771806E-003 -1.378763420336503E-003  5.924578903775624E-003
 -2.269830221919315E-002  3.875997434918912E-004  4.945711610952352E-003
  1.271681891454147E-002 -2.988236664514720E-003 -6.544338327202896E-003
 -6.314122511926260E-002  0.226507525507529      -0.155085559520645     
 -2.537044373064210E-003  1.178847801699747E-003  2.810034945273397E-003
 -0.111159293066868      -0.105958701327046      -8.918186811079813E-003
 -3.158257691864454E-002 -2.905110501889566E-002 -3.069321623771820E-003
  0.132052252712099       0.126514176660476       1.020201614703000E-002
  7.821012997082199E-003  8.697769948266139E-003  3.525593395129803E-004
  1.096954147738625E-003  1.118827814799497E-003  3.480771502589665E-004
  1.819053459342733E-003 -1.307993073768762E-003  1.571724342760812E-003
 -4.740333075033904E-005 -1.297500383092417E-005 -4.868685447111380E-004
 -0.117103717683781      -0.271238044830358      -4.132070806480293E-003
  3.148286857821798E-003  1.255093577891004E-002 -1.378763420336520E-003
  0.126514176660476       0.272096232660250       1.072795485383432E-002
 -1.073766821697550E-002 -1.342174851139388E-002 -5.274484238543014E-003
 -1.235348461099710E-003 -2.134661726167660E-003  4.342917662459642E-004
 -9.794241286740623E-004  1.703220798485984E-003  3.052248446383536E-004
  3.936949722326908E-004  4.440658302733477E-004 -6.821529993588416E-004
 -2.118640855369788E-002 -2.362343230927283E-002 -2.952797768802806E-002
  4.906180832197506E-003  6.145973243490031E-003  5.924578903775623E-003
  1.020201614703000E-002  1.072795485383432E-002  2.634002763002915E-002
  8.447438556587110E-003  1.668494397315658E-002  5.498996186121844E-003
 -1.392571959166547E-003 -1.012555952881644E-002 -9.012780093211326E-003
 -7.708592820138764E-004 -1.323745475718162E-003 -1.199642987381725E-003
 -2.057957409368671E-004  1.513865243326609E-003  1.976798048694645E-003
 -7.687578781411855E-002  5.892880690172748E-002 -4.773356597567845E-002
 -2.142245755847975E-002  3.247033144756800E-002 -2.269830221919318E-002
  7.821012997082199E-003 -1.073766821697552E-002  8.447438556587113E-003
  9.712257530110813E-002 -7.981575357344435E-002  6.150349958277877E-002
  6.719559975000579E-004 -1.057181130318721E-003  8.071498842934493E-004
 -7.210824207626275E-003  2.725694069592490E-004  3.133889559062569E-005
 -1.064747154657585E-004 -6.110483551611321E-005 -3.575587243783266E-004
  6.929762486017345E-002 -0.214067249512415       0.129369816963764     
  2.777251150707703E-003  1.270237374828146E-003  3.875997434919088E-004
  8.697769948266144E-003 -1.342174851139388E-002  1.668494397315657E-002
 -7.981575357344434E-002  0.222279224403397      -0.142297540801792     
  3.828953178566413E-005  7.720770664193962E-004 -5.800577707394379E-003
 -7.099323280026964E-004  2.629899882161362E-003  2.603108951748659E-004
 -2.852495894862746E-004  5.375592970029289E-004  1.395446933598885E-003
 -6.432563989051647E-002  0.150273600368527      -0.132662288420998     
  1.661614916780396E-003 -6.255929114743287E-003  4.945711610952370E-003
  3.525593395129751E-004 -5.274484238543011E-003  5.498996186121843E-003
  6.150349958277875E-002 -0.142297540801792       0.127915866537591     
 -8.771244732053376E-004  4.162670990885211E-003 -1.019120295341974E-002
  1.724466655111638E-003 -1.383401267869461E-004  2.556778376270196E-003
 -3.937613046262139E-005 -4.699770775473082E-004  1.936138663483349E-003
 -6.939228252637980E-003 -8.426161964030779E-003 -2.772792963374984E-002
 -9.015993357124736E-003  4.887079764486533E-003  1.271681891454148E-002
  1.096954147738624E-003 -1.235348461099710E-003 -1.392571959166546E-003
  6.719559975000575E-004  3.828953178566271E-005 -8.771244732053505E-004
  4.217658120069346E-002  5.631334418985941E-003  1.897578235130639E-002
  6.190284797492856E-005 -4.678964442212229E-004  3.742576141101945E-004
 -2.805217258414307E-002 -4.272968459066444E-004 -2.069232813836621E-003
 -8.260653484770822E-003 -5.895833675872091E-003  3.242356674667848E-002
  2.614700288518417E-003 -1.010920911234514E-004 -2.988236664514712E-003
  1.118827814799496E-003 -2.134661726167657E-003 -1.012555952881644E-002
 -1.057181130318730E-003  7.720770664193876E-004  4.162670990885204E-003
  5.631334418985948E-003  3.449779315339122E-002 -2.582900151877453E-002
  2.861557784536305E-004  2.395871041379474E-004 -1.519058340085340E-004
 -3.331836856694723E-004 -2.737786983078508E-002  2.508465808550975E-003
 -2.522222579933890E-002  3.178287857768466E-002  8.452585292493285E-002
  6.197916244042405E-003 -3.747804693787030E-003 -6.544338327202911E-003
  3.480771502589637E-004  4.342917662459651E-004 -9.012780093211319E-003
  8.071498842934570E-004 -5.800577707394397E-003 -1.019120295341973E-002
  1.897578235130639E-002 -2.582900151877453E-002 -3.732070440361437E-002
  1.438103917475333E-004  1.411863950072653E-003  7.538963730202010E-004
 -1.250510222310907E-003  1.748349625952872E-003 -2.221072352050435E-002
 -2.131517957944542E-002  4.091431555717527E-002 -2.418574600263904E-002
 -8.619855925296066E-002  0.103818851515517      -6.314122511926257E-002
  1.819053459342737E-003 -9.794241286740508E-004 -7.708592820138855E-004
 -7.210824207626285E-003 -7.099323280026948E-004  1.724466655111631E-003
  6.190284797492559E-005  2.861557784536329E-004  1.438103917475369E-004
  0.112909591543352      -0.143299292633567       8.621603924695249E-002
 -6.598481063773188E-005 -3.067376090314858E-005  1.351411010385513E-005
 -3.724854710463035E-003 -3.574494500253171E-003  6.500261935653626E-004
  0.148582894949403      -0.348035760078425       0.226507525507529     
 -1.307993073768758E-003  1.703220798485991E-003 -1.323745475718166E-003
  2.725694069593388E-004  2.629899882161355E-003 -1.383401267869309E-004
 -4.678964442212090E-004  2.395871041379479E-004  1.411863950072667E-003
 -0.143299292633567       0.347200221663575      -0.227031911636435     
 -5.542749434005444E-005 -1.626748696809233E-004 -7.541841222705113E-005
  7.206349959496468E-003 -5.760752672617916E-003  2.143025948235441E-003
 -9.503715305437999E-002  0.232271614781367      -0.155085559520645     
  1.571724342760803E-003  3.052248446383496E-004 -1.199642987381708E-003
  3.133889559066722E-005  2.603108951748445E-004  2.556778376270192E-003
  3.742576141101890E-004 -1.519058340085473E-004  7.538963730201983E-004
  8.621603924695247E-002 -0.227031911636435       0.151265760978841     
 -3.625570045319323E-004  1.074196218805478E-004 -4.342591683399975E-004
  8.708338597824664E-004  4.938668052322785E-003  1.661292561784073E-002
  2.125225475095445E-003 -8.914093225186732E-004 -2.537044373064218E-003
 -4.740333075033731E-005  3.936949722326896E-004 -2.057957409368663E-004
 -1.064747154657625E-004 -2.852495894862648E-004 -3.937613046262038E-005
 -2.805217258414307E-002 -3.331836856694746E-004 -1.250510222310905E-003
 -6.598481063773537E-005 -5.542749434003871E-005 -3.625570045319262E-004
  2.527597610611929E-002 -3.767092932541116E-003 -1.221764214653429E-002
  3.932345425499619E-003 -2.589625421699356E-003 -2.211878273618888E-002
  3.667979531977226E-004  2.742565259359540E-004  1.178847801699731E-003
 -1.297500383092682E-005  4.440658302733400E-004  1.513865243326613E-003
 -6.110483551610474E-005  5.375592970029261E-004 -4.699770775473054E-004
 -4.272968459066493E-004 -2.737786983078509E-002  1.748349625952874E-003
 -3.067376090315558E-005 -1.626748696809163E-004  1.074196218805486E-004
 -3.767092932541118E-003  2.887428846895329E-002  1.804027752087655E-002
  1.249609736732794E-002 -2.180064071313322E-002 -6.429599493286905E-002
  2.621690752024040E-003  6.140218616936615E-004  2.810034945273359E-003
 -4.868685447111368E-004 -6.821529993588390E-004  1.976798048694642E-003
 -3.575587243783206E-004  1.395446933598873E-003  1.936138663483345E-003
 -2.069232813836623E-003  2.508465808550974E-003 -2.221072352050434E-002
  1.351411010385863E-005 -7.541841222705463E-005 -4.342591683399905E-004
 -1.221764214653430E-002  1.804027752087655E-002  8.021800596426308E-002
 Masses in au
   21874.6618111745        29156.9463602902        1837.15258665392     
   1837.15258665392        1837.15258665392        1837.15258665392     
   1837.15258665392     
