 Coordinates, Gradient and Hessian of a Structure written by dl-find
           7           1           1
  0.000000000000000E+000
 Energy
  -116.093379036869     
 Coordinates
  -7.98758302183394        1.09887265332326       5.665022591871240E-002
  -5.41276902668457       0.892379386211488      -0.236169723608200     
  -9.02074345399629      -0.663552384527024      -0.178896265835862     
  -8.69269937740687        2.58183848710297       -1.16302414923277     
  -8.55166529705577        1.83999510485205        2.30844190411429     
  -4.81118474788004      -0.528988161353782       0.687511661975672     
  -8.98634343673174        2.48488587165891        4.32657284879280     
 Gradient
  1.460845602880774E-002 -8.295061907588825E-003 -2.708134559843222E-002
 -9.480772084748403E-003 -5.169063721557439E-003  5.816059137133154E-003
  1.281228241567542E-003  1.680578284168578E-003  7.642611113493369E-004
  9.589415361012585E-004 -1.436143263320868E-003  1.884836850396851E-003
 -4.348975191657735E-003  5.997601770461046E-003  1.847322251998035E-002
 -1.966133006645622E-003  5.812805809070451E-003 -3.956051537259532E-003
 -1.052745523424023E-003  1.409283028768830E-003  4.099017516830162E-003
 Hessian
  0.541845947630084       1.827101276266844E-002  8.479544282377482E-002
 -0.307479625808571       3.947289852117755E-002  1.685119592433397E-002
 -0.106023268377631      -0.110004923572353      -2.492845062253335E-002
 -7.364882811101610E-002  6.344880984131432E-002 -6.387215678571656E-002
 -3.088879867953730E-002 -1.481691356133081E-002 -4.396831164589735E-002
 -2.153332627194023E-002 -4.034273593951422E-003  7.467504514081316E-003
 -2.272100381390578E-003  7.663389602467076E-003  2.365477579196463E-002
  1.827101276266842E-002  0.595112790413627      -0.134849555556039     
 -7.704332779355768E-003 -8.510413694373206E-002  2.423279895502351E-002
 -0.100950574467976      -0.262272852059889      -2.935577029333963E-002
  5.483697628989840E-002 -0.201442069884444       0.139749758667092     
 -1.030633727652903E-002 -3.825742941133781E-002  2.971419692603085E-002
  4.046934465052408E-002 -3.378321250979316E-003 -5.368702012660456E-003
  5.383910820771678E-003 -4.657980863238998E-003 -2.412272668611251E-002
  8.479544282377481E-002 -0.134849555556039       0.268613794669506     
  1.926889114664796E-002  2.099254051199884E-002 -5.649205885710125E-002
 -1.496183118697514E-002 -2.080774759099620E-002 -3.990455129679997E-002
 -4.785551951138637E-002  0.129600409055827      -0.145390011797782     
 -3.401883988763633E-002  3.003115353588287E-002  4.262093700399232E-002
 -2.458174391864720E-002 -4.512679726647730E-004  2.212536019170698E-003
  1.735360053422648E-002 -2.451553198399644E-002 -7.166064574099766E-002
 -0.307479625808571      -7.704332779355775E-003  1.926889114664796E-002
  0.472107059615214      -0.159237817860139       4.486268447707027E-002
 -3.370419939682849E-002  2.692817753059224E-003  7.062241498084960E-003
 -2.277413029539200E-002  4.709515769658675E-003  3.714530331912908E-003
 -2.387339500466708E-002  1.069177350655608E-002  2.791267230349039E-002
 -8.773512786748892E-002  0.151859467498404      -9.466075446178286E-002
  3.459418757736581E-003 -3.011423888174935E-003 -8.160265295429785E-003
  3.947289852117757E-002 -8.510413694373213E-002  2.099254051199879E-002
 -0.159237817860139       0.422436376387299      -0.248436841147950     
 -2.890737582080667E-002  1.241833861295954E-002  5.428956720166618E-003
  3.239684201333454E-002  2.903726130064443E-004 -6.252855156647058E-003
  1.151140961109875E-002  3.853113217683319E-004 -8.075503999466292E-003
  0.105911156032755      -0.351486282376749       0.233317193204097     
 -1.147112497422912E-003  1.060020385437533E-003  3.026509867807421E-003
  1.685119592433396E-002  2.423279895502350E-002 -5.649205885710120E-002
  4.486268447707027E-002 -0.248436841147950       0.200280839092377     
 -3.569145411005074E-003  8.431560715575840E-005  4.736502895442621E-003
 -2.330118430574366E-002  1.890355509568356E-004  6.073351133319298E-003
  2.907200744690686E-002 -4.607849579755933E-003 -7.402151579363368E-003
 -6.167752755053132E-002  0.226787371832972      -0.151864531056218     
 -2.238030581030130E-003  1.751168781601895E-003  4.668048371540843E-003
 -0.106023268377631      -0.100950574467976      -1.496183118697514E-002
 -3.370419939682855E-002 -2.890737582080664E-002 -3.569145411005076E-003
  0.128081788504354       0.120350439456397       1.533494251117236E-002
  6.923929157612471E-003  8.612233760027860E-003  1.830175788791698E-003
  2.953505921900476E-003  2.553192848990003E-003  9.000293306472070E-004
  1.773364353187750E-003 -1.500094146612869E-003  1.325746756272758E-003
 -5.120162594922328E-006 -1.578216300194809E-004 -8.599177889039598E-004
 -0.110004923572353      -0.262272852059889      -2.080774759099620E-002
  2.692817753059204E-003  1.241833861295952E-002  8.431560715574117E-005
  0.120350439456397       0.268445414067053       2.769735549144394E-002
 -9.942263966984203E-003 -1.504369912416723E-002 -5.951173112730778E-003
 -2.543318656929399E-003 -5.580689425197455E-003 -8.458487375432007E-004
 -8.544314100211848E-004  1.783014543380058E-003  3.737411128664109E-004
  3.016803968312954E-004  2.504733858607225E-004 -5.506427701958527E-004
 -2.492845062253334E-002 -2.935577029333965E-002 -3.990455129679995E-002
  7.062241498084953E-003  5.428956720166606E-003  4.736502895442624E-003
  1.533494251117236E-002  2.769735549144393E-002  4.134762203959688E-002
  9.583478676463232E-003  1.740265820216986E-002  5.101855048698945E-003
 -5.243578572196843E-003 -2.288833035887354E-002 -1.555538799964369E-002
 -9.514875584673285E-004 -5.001166599602750E-004 -6.084899118032668E-004
 -8.571459325238907E-004  2.215246898390819E-003  4.882449224510697E-003
 -7.364882811101608E-002  5.483697628989840E-002 -4.785551951138639E-002
 -2.277413029539202E-002  3.239684201333450E-002 -2.330118430574361E-002
  6.923929157612469E-003 -9.942263966984201E-003  9.583478676463223E-003
  9.500842302175044E-002 -7.481949884433074E-002  6.014245578134921E-002
  1.964352152778605E-003 -2.394532955644091E-003  2.097211629594341E-003
 -7.382574359424473E-003  7.307032781316317E-005 -1.263226276571037E-004
 -9.117156630885274E-005 -1.505928640867098E-004 -5.401196426199806E-004
  6.344880984131436E-002 -0.201442069884444       0.129600409055827     
  4.709515769658681E-003  2.903726130064509E-004  1.890355509568249E-004
  8.612233760027847E-003 -1.504369912416725E-002  1.740265820216985E-002
 -7.481949884433073E-002  0.209469407104168      -0.139051571698539     
 -9.211549747480166E-004  3.422358765153994E-003 -1.063196873498826E-002
 -4.687046208774854E-004  2.346241424362811E-003 -2.351751651013965E-004
 -5.612009310452185E-004  9.573891019189166E-004  2.726612789675985E-003
 -6.387215678571655E-002  0.139749758667092      -0.145390011797782     
  3.714530331912923E-003 -6.252855156647036E-003  6.073351133319296E-003
  1.830175788791690E-003 -5.951173112730787E-003  5.101855048698947E-003
  6.014245578134921E-002 -0.139051571698539       0.150368210470996     
 -3.240816888556058E-003  1.170342723680056E-002 -2.126957906087798E-002
  1.878490688109208E-003 -6.184932559021942E-004  1.631769772411504E-003
 -4.526789158915534E-004  4.209073199236420E-004  3.484404433236437E-003
 -3.088879867953729E-002 -1.030633727652904E-002 -3.401883988763634E-002
 -2.387339500466712E-002  1.151140961109875E-002  2.907200744690688E-002
  2.953505921900483E-003 -2.543318656929394E-003 -5.243578572196844E-003
  1.964352152778620E-003 -9.211549747480083E-004 -3.240816888556056E-003
  5.470391530253400E-002  8.264169671015942E-003  2.688048977001846E-002
  6.583809918033713E-004 -1.386822929418063E-003  1.109962836237619E-003
 -5.517960684810313E-003 -4.617945444485744E-003 -1.455922470477816E-002
 -1.481691356133081E-002 -3.825742941133778E-002  3.003115353588286E-002
  1.069177350655608E-002  3.853113217683299E-004 -4.607849579755931E-003
  2.553192848990000E-003 -5.580689425197462E-003 -2.288833035887355E-002
 -2.394532955644099E-003  3.422358765153982E-003  1.170342723680057E-002
  8.264169671015949E-003  4.133857920073815E-002 -3.357221397790808E-002
  5.834802800646811E-005  7.309478726674394E-004 -9.398168449533231E-004
 -4.356037537595766E-003 -2.039078323798352E-003  2.027362998881319E-002
 -4.396831164589734E-002  2.971419692603086E-002  4.262093700399235E-002
  2.791267230349039E-002 -8.075503999466292E-003 -7.402151579363381E-003
  9.000293306472074E-004 -8.458487375432051E-004 -1.555538799964368E-002
  2.097211629594343E-003 -1.063196873498825E-002 -2.126957906087796E-002
  2.688048977001845E-002 -3.357221397790807E-002 -5.175354045206597E-002
 -2.838535800522287E-004  3.412274495347373E-003 -1.577031160686014E-004
 -1.353823780780485E-002  1.999906402851636E-002  5.351742520403815E-002
 -2.153332627194022E-002  4.046934465052406E-002 -2.458174391864720E-002
 -8.773512786748892E-002  0.105911156032755      -6.167752755053131E-002
  1.773364353187757E-003 -8.544314100211758E-004 -9.514875584673292E-004
 -7.382574359424454E-003 -4.687046208774626E-004  1.878490688109211E-003
  6.583809918033740E-004  5.834802800646804E-005 -2.838535800522307E-004
  0.114352965579144      -0.145248477476740       8.521483000057578E-002
 -1.336824252828061E-004  1.327647963494285E-004  4.012919190150962E-004
 -4.034273593951422E-003 -3.378321250979291E-003 -4.512679726647755E-004
  0.151859467498404      -0.351486282376749       0.226787371832972     
 -1.500094146612881E-003  1.783014543380035E-003 -5.001166599602685E-004
  7.307032781313599E-005  2.346241424362799E-003 -6.184932559021756E-004
 -1.386822929418059E-003  7.309478726674478E-004  3.412274495347375E-003
 -0.145248477476740       0.350564957413357      -0.227357807863493     
  2.371303205081374E-004 -5.605576260294170E-004 -1.271960576304721E-003
  7.467504514081331E-003 -5.368702012660480E-003  2.212536019170700E-003
 -9.466075446178285E-002  0.233317193204097      -0.151864531056218     
  1.325746756272753E-003  3.737411128664161E-004 -6.084899118032651E-004
 -1.263226276571184E-004 -2.351751651013607E-004  1.631769772411493E-003
  1.109962836237629E-003 -9.398168449533219E-004 -1.577031160686123E-004
  8.521483000057577E-002 -0.227357807863493       0.148616387432469     
 -3.309670177289197E-004  2.105675692394975E-004  1.700308600420052E-004
 -2.272100381390571E-003  5.383910820771672E-003  1.735360053422648E-002
  3.459418757736569E-003 -1.147112497422944E-003 -2.238030581030137E-003
 -5.120162594915604E-006  3.016803968313063E-004 -8.571459325238919E-004
 -9.117156630884826E-005 -5.612009310452080E-004 -4.526789158915483E-004
 -5.517960684810314E-003 -4.356037537595765E-003 -1.353823780780485E-002
 -1.336824252828096E-004  2.371303205081365E-004 -3.309670177289128E-004
  4.560616462650236E-003  1.416294279512991E-004  6.345972075445698E-005
  7.663389602467076E-003 -4.657980863238969E-003 -2.451553198399645E-002
 -3.011423888174945E-003  1.060020385437523E-003  1.751168781601897E-003
 -1.578216300194857E-004  2.504733858607248E-004  2.215246898390819E-003
 -1.505928640867088E-004  9.573891019189071E-004  4.209073199236372E-004
 -4.617945444485737E-003 -2.039078323798348E-003  1.999906402851636E-002
  1.327647963494300E-004 -5.605576260294157E-004  2.105675692394992E-004
  1.416294279512977E-004  4.989733939851732E-003 -8.142261367812296E-005
  2.365477579196462E-002 -2.412272668611250E-002 -7.166064574099766E-002
 -8.160265295429776E-003  3.026509867807432E-003  4.668048371540847E-003
 -8.599177889039624E-004 -5.506427701958511E-004  4.882449224510696E-003
 -5.401196426199887E-004  2.726612789675985E-003  3.484404433236453E-003
 -1.455922470477816E-002  2.027362998881319E-002  5.351742520403815E-002
  4.012919190150947E-004 -1.271960576304718E-003  1.700308600420153E-004
  6.345972075445567E-005 -8.142261367811705E-005  4.938287647623624E-003
 Masses in au
   21874.6618111745        29156.9463602902        1837.15258665392     
   1837.15258665392        1837.15258665392        1837.15258665392     
   1837.15258665392     
