 Coordinates, Gradient and Hessian of a Structure written by dl-find
           7           1           1
  0.000000000000000E+000
 Energy
  -116.105203025886     
 Coordinates
  -8.03078349617045        1.10439008826271       5.932494503824490E-002
  -5.38593623087138       0.888319308474937      -0.240564471936860     
  -9.02009660055937      -0.670774919834960      -0.306704149269056     
  -8.68306951930229        2.53386701985910       -1.26467613694365     
  -8.52236621897404        1.73728808274493        1.96721585021089     
  -4.80538990106638      -0.479033614949219       0.796375035607175     
  -8.94319077247982        2.59157549270938        4.82629330152747     
 Gradient
  1.407082504296773E-003  1.625975172092050E-004  1.506579518083788E-003
 -2.304737573968578E-003  1.101150008692220E-003  1.227265898939244E-003
 -2.415021442583660E-004  2.795839728891131E-004  1.448528888400603E-003
 -1.715181081990142E-004  4.788295937105846E-004  1.138800465598598E-003
  5.279317788689101E-004  2.683193544534935E-004  8.075058735899272E-004
 -7.013138906907220E-005 -4.558760268746896E-004 -5.730785417367572E-005
  8.528749323294302E-004 -1.834604420080057E-003 -6.071372790438488E-003
 Hessian
  0.485214403988691       1.124610205141876E-003  1.997252084986576E-002
 -0.249694543726558       3.437751716716132E-002  7.690280875653769E-003
 -9.578097541958855E-002 -9.759523380383572E-002 -2.225075965311794E-002
 -6.646805831240238E-002  5.474390075411846E-002 -5.479009380294025E-002
 -5.346264350745722E-002  1.124519406716378E-002  3.608050553396429E-002
 -1.986580100884864E-002 -5.627823310540372E-003  7.696414141966600E-003
  5.761798616458522E-005  1.731834920790075E-003  5.601132054607559E-003
  1.124610205141877E-003  0.592192209484266      -2.857430420728582E-002
 -4.274106461080169E-003 -8.109346099189688E-002  1.810214141913861E-002
 -9.194132499186970E-002 -0.250823381039580      -4.252382934291339E-002
  4.560366234953366E-002 -0.183246191823098       0.126765472114731     
  1.230247832447163E-002 -7.419038485753049E-002 -6.440947713776234E-002
  3.637893436421863E-002 -2.450734788030540E-003 -4.538798675902884E-003
  8.057462095829003E-004 -3.880559841289639E-004 -4.821204170004435E-003
  1.997252084986576E-002 -2.857430420728577E-002  0.565471044799508     
  3.561299676638555E-002  1.248694935034477E-002 -7.407999917420043E-002
 -2.122839058595015E-002 -4.027436113109608E-002 -6.085426936303433E-002
 -4.446821592898195E-002  0.124068442455516      -0.167583757932820     
  3.445530951788627E-002 -6.506621717943574E-002 -0.250784323986572     
 -2.694292947591538E-002  2.034811871508164E-003  1.853583006772799E-003
  2.598708856704860E-003 -4.675321159546664E-003 -1.402227734965325E-002
 -0.249694543726558      -4.274106461080168E-003  3.561299676638559E-002
  0.418382253384652      -0.140828701615124       4.653964463025254E-002
 -3.438263080475849E-002  1.750210174813866E-003  3.745957779168393E-003
 -2.272705353790552E-002  4.142056610254393E-003  1.926560252584995E-003
 -2.795649464270123E-002  5.886819955982452E-003  1.129454069755815E-002
 -8.436261497268527E-002  0.134245015864340      -9.643231046695933E-002
  7.410842999574093E-004 -9.212945291859402E-004 -2.687389658990154E-003
  3.437751716716130E-002 -8.109346099189693E-002  1.248694935034477E-002
 -0.140828701615124       0.372334227120455      -0.247423643663845     
 -2.780121399377493E-002  1.174387623251721E-002  5.437676957691808E-003
  3.066347429593998E-002 -3.403057589804705E-004 -4.763811217408165E-003
  1.325421264589151E-002  2.813955532133404E-003 -1.972888549156909E-003
  9.062785836757081E-002 -0.305701226865182       0.235328225627125     
 -2.931468676655814E-004  2.429347309528175E-004  9.074914952480951E-004
  7.690280875653760E-003  1.810214141913859E-002 -7.407999917420056E-002
  4.653964463025257E-002 -0.247423643663845       0.240119333330655     
 -4.353480083385490E-003  1.234227191769071E-003  4.140885889668567E-003
 -2.470219317167194E-002  9.575151852127834E-004  6.431909004185240E-003
  3.623106487339618E-002 -1.678076151651645E-003  3.405555596871679E-003
 -6.087356732252395E-002  0.228400037435532      -0.181159343496262     
 -5.317498017200268E-004  4.077985838443876E-004  1.141658849082562E-003
 -9.578097541958855E-002 -9.194132499186976E-002 -2.122839058595016E-002
 -3.438263080475852E-002 -2.780121399377494E-002 -4.353480083385476E-003
  0.118083651301252       0.109476588860482       2.183749446599592E-002
  5.785319089397824E-003  7.727967765550094E-003  2.536992572161216E-003
  4.809427127090085E-003  4.147048680231069E-003  6.636935427317447E-004
  1.519103763536908E-003 -1.489316847629785E-003  8.966519489602658E-004
 -3.389505692949712E-005 -1.197494729885713E-004 -3.529618605135231E-004
 -9.759523380383570E-002 -0.250823381039580      -4.027436113109607E-002
  1.750210174813862E-003  1.174387623251721E-002  1.234227191769072E-003
  0.109476588860482       0.263216543789995       4.607699843867907E-002
 -9.086329957143256E-003 -1.743595099955976E-002 -6.534689844683150E-003
 -3.850264504307371E-003 -8.169538584091586E-003 -6.487000353934573E-004
 -7.477357691603046E-004  1.491522978166581E-003  4.013949545631283E-004
  5.276499915086774E-005 -2.307237744797329E-005 -2.548695738386026E-004
 -2.225075965311794E-002 -4.252382934291340E-002 -6.085426936303442E-002
  3.745957779168387E-003  5.437676957691812E-003  4.140885889668563E-003
  2.183749446599593E-002  4.607699843867909E-002  5.661386809467303E-002
  9.931020139977365E-003  1.930534609012651E-002  5.531424658935544E-003
 -1.215209337409515E-002 -2.846168791062502E-002 -6.484348701453427E-003
 -1.005871151942670E-003 -4.057438871864199E-004 -1.207186523506314E-004
 -1.057482059860593E-004  5.712396542275661E-004  1.173158073561355E-003
 -6.646805831240238E-002  4.560366234953364E-002 -4.446821592898193E-002
 -2.272705353790548E-002  3.066347429594003E-002 -2.470219317167196E-002
  5.785319089397807E-003 -9.086329957143265E-003  9.931020139977374E-003
  8.800134453691645E-002 -6.310000497544607E-002  5.620245913454137E-002
  3.218451415594212E-003 -4.305737849278522E-003  3.144891115225191E-003
 -7.768101149222393E-003  2.592160635722393E-004  1.272459455671878E-004
 -4.190204237817816E-005 -3.427992717813008E-005 -2.352072346572706E-004
  5.474390075411843E-002 -0.183246191823098       0.124068442455516     
  4.142056610254404E-003 -3.403057589804812E-004  9.575151852128086E-004
  7.727967765550087E-003 -1.743595099955978E-002  1.930534609012654E-002
 -6.310000497544607E-002  0.191457039098289      -0.135718301487136     
 -3.290549242466489E-003  7.670533873184286E-003 -8.576069110940191E-003
 -1.390225543681076E-004  1.706708873894124E-003 -8.504593448844009E-004
 -8.434835764244925E-005  1.881667362714908E-004  8.135262121053322E-004
 -5.479009380294024E-002  0.126765472114731      -0.167583757932820     
  1.926560252584996E-003 -4.763811217408183E-003  6.431909004185266E-003
  2.536992572161211E-003 -6.534689844683146E-003  5.531424658935543E-003
  5.620245913454135E-002 -0.135718301487136       0.173862458758568     
 -7.703123945629109E-003  2.155144713800203E-002 -1.989323699179675E-002
  1.861272448217935E-003 -1.314038728603254E-003  9.713133837357694E-004
 -3.406665893656849E-005  1.392202509843415E-005  6.798891191920533E-004
 -5.346264350745722E-002  1.230247832447162E-002  3.445530951788625E-002
 -2.795649464270122E-002  1.325421264589149E-002  3.623106487339618E-002
  4.809427127090083E-003 -3.850264504307372E-003 -1.215209337409516E-002
  3.218451415594227E-003 -3.290549242466490E-003 -7.703123945629114E-003
  7.137463812752001E-002 -1.715161695372639E-002 -5.099727231052308E-002
  1.057537279365677E-003 -9.269894069512916E-004  1.278657864952294E-003
  9.590842005873869E-004 -3.372708629105692E-004 -1.112542625987075E-003
  1.124519406716378E-002 -7.419038485753052E-002 -6.506621717943575E-002
  5.886819955982461E-003  2.813955532133390E-003 -1.678076151651636E-003
  4.147048680231060E-003 -8.169538584091605E-003 -2.846168791062502E-002
 -4.305737849278521E-003  7.670533873184292E-003  2.155144713800205E-002
 -1.715161695372640E-002  7.099588098094088E-002  7.358702393602258E-002
  3.466307324273255E-004 -1.772942324097862E-004 -1.034077775784727E-003
 -1.683386327981948E-004  1.056847287771907E-003  1.101587943472075E-003
  3.608050553396430E-002 -6.440947713776235E-002 -0.250784323986572     
  1.129454069755814E-002 -1.972888549156910E-003  3.405555596871681E-003
  6.636935427317507E-004 -6.487000353934573E-004 -6.484348701453423E-003
  3.144891115225180E-003 -8.576069110940183E-003 -1.989323699179673E-002
 -5.099727231052308E-002  7.358702393602259E-002  0.269636404901437     
  2.641300598452192E-004  1.090471388797510E-003  3.367463242315219E-004
 -4.504886387959898E-004  9.296395084274675E-004  3.783202857280439E-003
 -1.986580100884864E-002  3.637893436421868E-002 -2.694292947591539E-002
 -8.436261497268525E-002  9.062785836757077E-002 -6.087356732252391E-002
  1.519103763536908E-003 -7.477357691602993E-004 -1.005871151942666E-003
 -7.768101149222353E-003 -1.390225543681141E-004  1.861272448217935E-003
  1.057537279365662E-003  3.466307324273317E-004  2.641300598452046E-004
  0.109476804931393      -0.126547006871906       8.651332041846348E-002
 -5.692884353999469E-005  8.034173121770250E-005  1.836450238551224E-004
 -5.627823310540372E-003 -2.450734788030528E-003  2.034811871508163E-003
  0.134245015864340      -0.305701226865182       0.228400037435532     
 -1.489316847629797E-003  1.491522978166582E-003 -4.057438871864373E-004
  2.592160635722313E-004  1.706708873894132E-003 -1.314038728603265E-003
 -9.269894069512807E-004 -1.772942324097864E-004  1.090471388797509E-003
 -0.126547006871906       0.305306227883257      -0.229388627342824     
  8.690450911699485E-005 -1.752038496940160E-004 -4.169107372239062E-004
  7.696414141966605E-003 -4.538798675902871E-003  1.853583006772795E-003
 -9.643231046695933E-002  0.235328225627125      -0.181159343496262     
  8.966519489602700E-004  4.013949545631376E-004 -1.207186523506250E-004
  1.272459455672336E-004 -8.504593448844137E-004  9.713133837357839E-004
  1.278657864952280E-003 -1.034077775784717E-003  3.367463242315142E-004
  8.651332041846348E-002 -0.229388627342824       0.177995552080209     
 -7.997985295154251E-005  8.234255770728556E-005  1.228673536626029E-004
  5.761798616457137E-005  8.057462095828985E-004  2.598708856704815E-003
  7.410842999574254E-004 -2.931468676655777E-004 -5.317498017199974E-004
 -3.389505692950201E-005  5.276499915087416E-005 -1.057482059860633E-004
 -4.190204237817665E-005 -8.434835764244665E-005 -3.406665893657750E-005
  9.590842005873873E-004 -1.683386327982022E-004 -4.504886387959900E-004
 -5.692884353999370E-005  8.690450911700298E-005 -7.997985295154978E-005
 -1.625060543861694E-003 -3.995818597445654E-004 -1.396675698314633E-003
  1.731834920790073E-003 -3.880559841289809E-004 -4.675321159546651E-003
 -9.212945291859512E-004  2.429347309528268E-004  4.077985838443909E-004
 -1.197494729885696E-004 -2.307237744797451E-005  5.712396542275576E-004
 -3.427992717813307E-005  1.881667362714932E-004  1.392202509842097E-005
 -3.372708629105702E-004  1.056847287771905E-003  9.296395084274662E-004
  8.034173121770201E-005 -1.752038496940166E-004  8.234255770728634E-005
 -3.995818597445642E-004 -9.016165437252236E-004  2.670378830241523E-003
  5.601132054607556E-003 -4.821204170004447E-003 -1.402227734965326E-002
 -2.687389658990168E-003  9.074914952480981E-004  1.141658849082561E-003
 -3.529618605135227E-004 -2.548695738386110E-004  1.173158073561344E-003
 -2.352072346572716E-004  8.135262121053279E-004  6.798891191920491E-004
 -1.112542625987077E-003  1.101587943472073E-003  3.783202857280440E-003
  1.836450238551180E-004 -4.169107372239114E-004  1.228673536626003E-004
 -1.396675698314629E-003  2.670378830241528E-003  7.121501096874249E-003
 Masses in au
   21874.6618111745        29156.9463602902        1837.15258665392     
   1837.15258665392        1837.15258665392        1837.15258665392     
   1837.15258665392     
