 Coordinates, Gradient and Hessian of a Structure written by dl-find
           7           1           1
  0.000000000000000E+000
 Energy
  -116.107858746734     
 Coordinates
  -8.02491173748159        1.04046309188082      -0.133521849945650     
  -5.35063160145302       0.855122102231718      -0.292332211075061     
  -8.95966862206763      -0.709450254703029      -0.767546688437326     
  -8.59280313473906        2.55945429682836       -1.37108154310393     
  -8.64021826645320        1.49575701561969        1.76463526215592     
  -4.76876019531157      -0.124201907013883        1.19471996764183     
  -9.64288569122781        3.77939417857607        8.31556473744346     
 Gradient
 -2.884717095701898E-004  8.325371812616344E-003  4.116083321006641E-003
 -9.594657576518758E-003  1.538779044808523E-002 -2.494941531293612E-002
 -2.534035662394077E-003 -4.150871717678711E-003 -2.631417892128134E-003
  1.426154385539867E-003 -4.026739856555094E-003  4.059813945115598E-003
  2.512973589288838E-003 -7.650787883963117E-004 -5.410952438332714E-003
  8.488694196389245E-003 -1.478822350477670E-002  2.476547299849794E-002
 -1.065722273524231E-005  1.775160670489655E-005  5.041537877704859E-005
 Hessian
  0.470809316895760      -1.101465026737291E-002  7.453248581757050E-003
 -0.242491546725520       2.252790361563610E-002 -1.056906439470692E-002
 -8.444689697650887E-002 -7.970517887823277E-002 -2.891900668936326E-002
 -5.969433278960566E-002  5.549096070011751E-002 -4.545783376911045E-002
 -6.512222913743464E-002  1.506866258715409E-002  6.819685205133406E-002
 -1.905219785812277E-002 -2.368733211905901E-003  9.292836920807724E-003
 -2.113408567490788E-006  1.035454605087728E-006  2.967299280712436E-006
 -1.101465026737291E-002  0.576268705856616      -2.795501413232088E-002
  1.112748201495190E-003 -6.778806620203388E-002  1.662489355144499E-002
 -7.635523752406162E-002 -0.228641281752054      -6.255625569745125E-002
  4.591786684284799E-002 -0.211357532800612       0.132561365614971     
  1.527694404304386E-002 -6.487143813446383E-002 -5.607320466476958E-002
  2.506300913686016E-002 -3.609311456966964E-003 -2.600566961337847E-003
 -6.804328133882752E-007 -1.075510486401694E-006 -1.217710535574246E-006
  7.453248581757044E-003 -2.795501413232088E-002  0.616586626341111     
  3.273885279204719E-002  1.027998781456857E-002 -8.386840868655029E-002
 -2.852256796767591E-002 -6.155196120774992E-002 -7.970243009964686E-002
 -3.677349318486035E-002  0.132842767944409      -0.159266596974334     
  6.076323637615594E-002 -5.738567569904562E-002 -0.294949104353656     
 -3.565957474591298E-002  3.772089884859314E-003  1.205992267307470E-003
  2.981484851185671E-007 -2.194604725693500E-006 -6.078494226509710E-006
 -0.242491546725520       1.112748201495190E-003  3.273885279204723E-002
  0.411410506119903      -7.595816956519059E-002  6.860270075349681E-002
 -3.423005331403963E-002 -8.496532834408098E-004  4.119585122173627E-004
 -2.287031414794452E-002  3.227778834150684E-003 -9.284703208373487E-004
 -2.901872320144748E-002  3.886591286031543E-003  2.773454771850925E-003
 -8.280071951016754E-002  6.858084430534636E-002 -0.103598742105936     
  8.507792170108579E-007 -1.397783912534655E-007  2.455971606592201E-007
  2.252790361563609E-002 -6.778806620203381E-002  1.027998781456856E-002
 -7.595816956519061E-002  0.176814338346662      -0.183503181071782     
 -2.619637358315990E-002  1.183577336687601E-002  3.946460528121816E-003
  2.898835942082355E-002  2.464709458527084E-003 -2.420361460835233E-003
  9.510450513570037E-003  2.074221571197043E-003  1.379352190311184E-004
  4.112919055532749E-002 -0.125401881293863       0.171555585328442     
 -1.360957008317221E-006  9.047526328070939E-007  3.573642455672296E-006
 -1.056906439470692E-002  1.662489355144502E-002 -8.386840868655047E-002
  6.860270075349686E-002 -0.183503181071782       0.347402898485250     
 -9.172696826793806E-003  2.211966630807597E-003  5.365788466392665E-003
 -2.722549855960673E-002  7.676151542415640E-004  3.659896273353503E-003
  3.476911223944679E-002 -7.915857027068644E-004  6.291663939662103E-003
 -5.640407725068108E-002  0.164690500826711      -0.278853677858992     
 -4.759611522734461E-007 -2.093887129054532E-007  1.839380881882354E-006
 -8.444689697650888E-002 -7.635523752406165E-002 -2.852256796767592E-002
 -3.423005331403963E-002 -2.619637358315990E-002 -9.172696826793815E-003
  0.108317071097804       9.200379342585356E-002  3.274688659456944E-002
  4.957309536307956E-003  5.709609063211821E-003  2.773730736696146E-003
  5.635422729263461E-003  6.493574577651338E-003  1.738142499085930E-003
 -2.328645369913795E-004 -1.654882145000346E-003  4.382817041064381E-004
  1.146416485074748E-008 -4.838144948538645E-007 -1.776739988267879E-006
 -7.970517887823278E-002 -0.228641281752054      -6.155196120774990E-002
 -8.496532834407936E-004  1.183577336687596E-002  2.211966630807583E-003
  9.200379342585356E-002  0.241552369276107       6.882955034055990E-002
 -9.261747702762660E-003 -2.024847014991667E-002 -9.416807738864077E-003
 -2.035834484569456E-003 -4.931293713369077E-003 -6.459100668005454E-004
 -1.518433051033324E-004  4.339886006428827E-004  5.760931439034848E-004
  4.642282554356454E-007 -1.085628286701880E-006 -2.931101856416277E-006
 -2.891900668936326E-002 -6.255625569745127E-002 -7.970243009964692E-002
  4.119585122173625E-004  3.946460528121821E-003  5.365788466392657E-003
  3.274688659456943E-002  6.882955034055989E-002  7.512552435275109E-002
  8.293494650774429E-003  1.800937753231787E-002  7.612986918447957E-003
 -1.194725492287329E-002 -2.748136324787936E-002 -7.871734194182916E-003
 -5.859799615533412E-004 -7.482640349346392E-004 -5.305360764603133E-004
 -9.818377143168915E-008  4.945792655185363E-007  4.006326985700502E-007
 -5.969433278960562E-002  4.591786684284800E-002 -3.677349318486035E-002
 -2.287031414794454E-002  2.898835942082357E-002 -2.722549855960673E-002
  4.957309536307964E-003 -9.261747702762672E-003  8.293494650774421E-003
  8.151066022029126E-002 -6.112884250030826E-002  4.983920068478893E-002
  3.572274674680500E-003 -7.114899975074358E-003  4.607679749038474E-003
 -7.475592423617439E-003  2.599512407262714E-003  1.260132934369692E-003
 -5.070112087799793E-009 -2.484927888737325E-007 -1.516274504509499E-006
  5.549096070011752E-002 -0.211357532800612       0.132842767944409     
  3.227778834150691E-003  2.464709458527111E-003  7.676151542415623E-004
  5.709609063211826E-003 -2.024847014991666E-002  1.800937753231786E-002
 -6.112884250030826E-002  0.221398187644581      -0.143957891321021     
 -2.741167909926064E-003  7.132727978605554E-003 -6.087025032428819E-003
 -5.578396623954266E-004  6.094449162257551E-004 -1.578650058504121E-003
 -4.985248503217538E-007  9.329525895331619E-007  3.805780985631715E-006
 -4.545783376911042E-002  0.132561365614971      -0.159266596974334     
 -9.284703208373617E-004 -2.420361460835220E-003  3.659896273353507E-003
  2.773730736696145E-003 -9.416807738864075E-003  7.612986918447967E-003
  4.983920068478893E-002 -0.143957891321021       0.163900859021575     
 -7.288958575733947E-003  2.409141651942569E-002 -1.754179384000702E-002
  1.062095254596159E-003 -8.571195289960891E-004  1.635366985958075E-003
  2.359896002198544E-007 -6.020846807780370E-007 -7.183849929394232E-007
 -6.512222913743462E-002  1.527694404304387E-002  6.076323637615594E-002
 -2.901872320144744E-002  9.510450513570030E-003  3.476911223944678E-002
  5.635422729263458E-003 -2.035834484569460E-003 -1.194725492287329E-002
  3.572274674680503E-003 -2.741167909926064E-003 -7.288958575733940E-003
  8.289922867384797E-002 -1.893915881431579E-002 -7.804948365895763E-002
  2.037249611290818E-003 -1.068864325871486E-003  1.760932828210423E-003
 -3.223350201737067E-006 -2.369021932555802E-006 -7.584286246952621E-006
  1.506866258715408E-002 -6.487143813446382E-002 -5.738567569904563E-002
  3.886591286031549E-003  2.074221571197050E-003 -7.915857027068567E-004
  6.493574577651344E-003 -4.931293713369084E-003 -2.748136324787936E-002
 -7.114899975074362E-003  7.132727978605548E-003  2.409141651942569E-002
 -1.893915881431578E-002  6.021861724010625E-002  6.235311541656541E-002
  6.060375420495601E-004  3.791379725852784E-004 -7.952044989960241E-004
 -8.072034955449671E-007 -1.972914660106726E-006  9.297212635695887E-006
  6.819685205133408E-002 -5.607320466476960E-002 -0.294949104353656     
  2.773454771850935E-003  1.379352190311205E-004  6.291663939662057E-003
  1.738142499085935E-003 -6.459100668005466E-004 -7.871734194182920E-003
  4.607679749038474E-003 -6.087025032428816E-003 -1.754179384000699E-002
 -7.804948365895763E-002  6.235311541656541E-002  0.312188020067944     
  7.382618539383519E-004  3.038200465946314E-004  1.856694523672932E-003
 -4.907266285973647E-006  1.126908181354313E-005  2.625385656126220E-005
 -1.905219785812278E-002  2.506300913686014E-002 -3.565957474591297E-002
 -8.280071951016756E-002  4.112919055532750E-002 -5.640407725068106E-002
 -2.328645369913778E-004 -1.518433051033380E-004 -5.859799615533354E-004
 -7.475592423617446E-003 -5.578396623954188E-004  1.062095254596160E-003
  2.037249611290835E-003  6.060375420495548E-004  7.382618539383501E-004
  0.107523949656268      -6.608795198230460E-002  9.084940867408456E-002
  1.750613397115696E-007 -6.022844348185201E-007 -1.338244710329177E-007
 -2.368733211905903E-003 -3.609311456966981E-003  3.772089884859290E-003
  6.858084430534635E-002 -0.125401881293863       0.164690500826711     
 -1.654882145000336E-003  4.339886006428846E-004 -7.482640349346390E-004
  2.599512407262732E-003  6.094449162257632E-004 -8.571195289960849E-004
 -1.068864325871492E-003  3.791379725852957E-004  3.038200465946347E-004
 -6.608795198230460E-002  0.127589284355436      -0.167159850417098     
  7.495247486390654E-008 -6.630940580136697E-007 -1.176777137233837E-006
  9.292836920807724E-003 -2.600566961337844E-003  1.205992267307442E-003
 -0.103598742105936       0.171555585328442      -0.278853677858992     
  4.382817041064286E-004  5.760931439034776E-004 -5.305360764603170E-004
  1.260132934369664E-003 -1.578650058504127E-003  1.635366985958070E-003
  1.760932828210419E-003 -7.952044989960282E-004  1.856694523672931E-003
  9.084940867408453E-002 -0.167159850417098       0.274682161074889     
 -2.850955645029653E-006  2.593463588113920E-006  3.999083626439573E-006
 -2.113408567493281E-006 -6.804328133903018E-007  2.981484850858178E-007
  8.507792170082961E-007 -1.360957008315376E-006 -4.759611522638769E-007
  1.146416485009715E-008  4.642282554390319E-007 -9.818377142760618E-008
 -5.070112092751333E-009 -4.985248503203053E-007  2.359896002171840E-007
 -3.223350201727651E-006 -8.072034955400837E-007 -4.907266285974241E-006
  1.750613397083735E-007  7.495247485832871E-008 -2.850955645036977E-006
  4.304524159746840E-006  2.807937437268498E-006  7.798228769399785E-006
  1.035454605088006E-006 -1.075510486406067E-006 -2.194604725698710E-006
 -1.397783912529656E-007  9.047526328036720E-007 -2.093887129088519E-007
 -4.838144948543364E-007 -1.085628286699073E-006  4.945792655225599E-007
 -2.484927888723324E-007  9.329525895309081E-007 -6.020846807800625E-007
 -2.369021932558551E-006 -1.972914660108755E-006  1.126908181354033E-005
 -6.022844348188565E-007 -6.630940580080172E-007  2.593463588111347E-006
  2.807937437269182E-006  2.959442268887674E-006 -1.135104654778681E-005
  2.967299280697879E-006 -1.217710535566416E-006 -6.078494226548679E-006
  2.455971606674401E-007  3.573642455652193E-006  1.839380881871007E-006
 -1.776739988264772E-006 -2.931101856416138E-006  4.006326985712449E-007
 -1.516274504507490E-006  3.805780985642576E-006 -7.183849929460713E-007
 -7.584286246957353E-006  9.297212635696886E-006  2.625385656126402E-005
 -1.338244710389480E-007 -1.176777137221549E-006  3.999083626447959E-006
  7.798228769403573E-006 -1.135104654778666E-005 -2.569607454865997E-005
 Masses in au
   21874.6618111745        29156.9463602902        1837.15258665392     
   1837.15258665392        1837.15258665392        1837.15258665392     
   1837.15258665392     
