 Coordinates, Gradient and Hessian of a Structure written by dl-find
           7           1           1
  0.000000000000000E+000
 Energy
  -116.109385232041     
 Coordinates
  -8.03348353762727        1.06287468319205      -3.670113742269930E-002
  -5.36494665887444       0.876503225593339      -0.263038046282656     
  -8.97773100746280      -0.686924145955987      -0.598553346208923     
  -8.63039225472094        2.56641680574740       -1.30448115041117     
  -8.60956878969773        1.55784436309465        1.88459057541156     
  -4.77850003550796      -0.346081328619952       0.936878480711163     
  -9.27889069870111        3.30351149386559        6.60011017862339     
 Gradient
 -2.884105931487790E-004 -6.253546237902039E-005 -3.011913458753835E-005
  1.958343408273531E-004 -3.257466378631040E-004 -1.556748061002537E-004
 -9.518780234803837E-005 -7.665113933426367E-005 -2.058067328491737E-004
  3.738296234160284E-005  1.146978596332748E-004  5.361470737621233E-005
  7.146006580744331E-005  8.388122708890499E-005  2.857222483285602E-004
  8.294635598974978E-005  2.980069202764084E-004  1.412951452746691E-004
 -4.025329469328857E-006 -3.165276742219040E-005 -8.903142744248226E-005
 Hessian
  0.474099642122694       5.966164867375894E-004  1.439035361120413E-002
 -0.241406513063595       2.824708361818732E-002 -2.335983801929733E-003
 -8.946770631862358E-002 -9.020801147979361E-002 -2.932431836164388E-002
 -6.201079864945902E-002  5.333577252971800E-002 -4.645277440608343E-002
 -6.183006621086003E-002  1.296671084700645E-002  5.494728987902255E-002
 -1.939957575379277E-002 -4.948315732419709E-003  8.748470670588249E-003
  1.501787363697271E-005  1.014373056484474E-005  2.696240884087130E-005
  5.966164867375873E-004  0.588205261148212      -2.198740905536613E-002
 -4.403835290902319E-003 -7.611024533483321E-002  1.818717915292078E-002
 -8.547821024209049E-002 -0.243197543927182      -6.168940580965732E-002
  4.334007234960821E-002 -0.197843072568236       0.125251676033994     
  1.352628719107411E-002 -6.865398263498308E-002 -5.582947966301291E-002
  3.240650370930811E-002 -2.408777092543603E-003 -3.862056968571563E-003
  1.256579626386543E-005  8.360409564656573E-006 -7.050369030522597E-005
  1.439035361120413E-002 -2.198740905536609E-002  0.586456357542206     
  3.354539573190116E-002  1.231361672806078E-002 -7.890205431713243E-002
 -2.906243316690645E-002 -6.010540978128123E-002 -7.430947222929653E-002
 -3.718941500476646E-002  0.123946865285081      -0.157880122653641     
  4.921721563118157E-002 -5.667836118781802E-002 -0.277244609146656     
 -3.093925422225653E-002  2.571051859698731E-003  2.012948207746962E-003
  3.813741963765343E-005 -6.035384837956657E-005 -1.330474032201614E-004
 -0.241406513063595      -4.403835290902313E-003  3.354539573190118E-002
  0.412688641062779      -0.124522461990836       7.473696860195221E-002
 -3.476077282054188E-002  4.186618949792792E-004  1.688509415343531E-003
 -2.272908998632135E-002  3.370251298784285E-003  3.112645944904303E-004
 -2.780869279977006E-002  3.955997044626158E-003  5.406439991243763E-003
 -8.599830836071989E-002  0.121189027627744      -0.115675534394698     
  1.473596817058002E-005 -7.640584393609059E-006 -1.304394023461438E-005
  2.824708361818734E-002 -7.611024533483329E-002  1.231361672806077E-002
 -0.124522461990836       0.305477903549127      -0.257816696349981     
 -2.739842388758282E-002  1.150425549486882E-002  4.788756979152937E-003
  3.077779625983545E-002  9.368687693520855E-004 -3.233910481725512E-003
  1.009544730196578E-002  2.805582187610679E-003 -3.027689022646161E-004
  8.281811306975512E-002 -0.244621852325717       0.244216695430118     
 -1.755437132746623E-005  7.487659588696905E-006  3.430659664116556E-005
 -2.335983801929733E-003  1.818717915292075E-002 -7.890205431713256E-002
  7.473696860195225E-002 -0.257816696349981       0.305434020740856     
 -7.524091708281969E-003  2.013274925947851E-003  5.136242677076882E-003
 -2.564866838080005E-002  8.816798843329530E-004  4.684172000246898E-003
  3.527545955973232E-002 -7.624062534351927E-004  5.958265137227282E-003
 -7.447852421571984E-002  0.237485095929079      -0.242342955538605     
 -2.516005495052442E-005  1.187271113927441E-005  3.230930032835832E-005
 -8.946770631862354E-002 -8.547821024209049E-002 -2.906243316690647E-002
 -3.476077282054191E-002 -2.739842388758280E-002 -7.524091708281957E-003
  0.112694303838367       0.101944227008717       3.173260526744572E-002
  5.200554135961110E-003  6.660622196493648E-003  2.924328314549649E-003
  5.475919876828926E-003  5.719691546071698E-003  1.315823969482090E-003
  8.614276030221791E-004 -1.441618016035858E-003  6.237800784716446E-004
 -3.726315013398510E-006 -6.288605572719196E-006 -1.001275476070433E-005
 -9.020801147979363E-002 -0.243197543927182      -6.010540978128124E-002
  4.186618949793021E-004  1.150425549486883E-002  2.013274925947852E-003
  0.101944227008717       0.255700034771169       6.694678822646284E-002
 -9.257371523659125E-003 -1.936260259608023E-002 -8.438490315001752E-003
 -2.421786548859938E-003 -5.548661970506308E-003 -8.578360176693391E-004
 -4.791608297974610E-004  9.170332856916672E-004  4.728591440556097E-004
  3.441478414298288E-006 -1.251505796100005E-005 -3.118618251394348E-005
 -2.932431836164387E-002 -6.168940580965731E-002 -7.430947222929656E-002
  1.688509415343516E-003  4.788756979152934E-003  5.136242677076879E-003
  3.173260526744572E-002  6.694678822646283E-002  7.003332725956432E-002
  8.848514885922667E-003  1.839067529469323E-002  6.996306632885638E-003
 -1.209734375438610E-002 -2.784429307395107E-002 -7.449351612333130E-003
 -8.511485280578982E-004 -5.962659397251517E-004 -3.942313970526609E-004
  3.181075375850602E-006  3.744323024401347E-006 -1.282133084433143E-005
 -6.201079864945903E-002  4.334007234960816E-002 -3.718941500476643E-002
 -2.272908998632137E-002  3.077779625983547E-002 -2.564866838080007E-002
  5.200554135961104E-003 -9.257371523659123E-003  8.848514885922667E-003
  8.394778853537041E-002 -5.998836890594261E-002  4.918535280957551E-002
  3.403735705606477E-003 -6.030489012699640E-003  3.878857013197865E-003
 -7.810242517496780E-003  1.158386979939678E-003  9.354933289672241E-004
 -1.947223660777761E-006 -2.614708185820448E-008 -1.013465209687131E-005
  5.333577252971802E-002 -0.197843072568236       0.123946865285081     
  3.370251298784273E-003  9.368687693521092E-004  8.816798843329740E-004
  6.660622196493638E-003 -1.936260259608024E-002  1.839067529469322E-002
 -5.998836890594260E-002  0.207731059833184      -0.135580964867264     
 -2.989310063709959E-003  7.292077837512969E-003 -6.394632320786608E-003
 -3.864947386312212E-004  1.240878891241899E-003 -1.275142092781778E-003
 -2.472316712246424E-006  4.789833024506252E-006  3.151881672558413E-005
 -4.645277440608341E-002  0.125251676033994      -0.157880122653641     
  3.112645944904121E-004 -3.233910481725498E-003  4.684172000246899E-003
  2.924328314549647E-003 -8.438490315001747E-003  6.996306632885636E-003
  4.918535280957553E-002 -0.135580964867264       0.162597022999270     
 -7.417914519367224E-003  2.319571407005956E-002 -1.765184646562752E-002
  1.446051030662019E-003 -1.181132746601950E-003  1.267299980211398E-003
  3.692176172704157E-006 -1.289169346060244E-005 -1.283249334428778E-005
 -6.183006621086007E-002  1.352628719107412E-002  4.921721563118155E-002
 -2.780869279977004E-002  1.009544730196576E-002  3.527545955973233E-002
  5.475919876828932E-003 -2.421786548859935E-003 -1.209734375438610E-002
  3.403735705606470E-003 -2.989310063709962E-003 -7.417914519367214E-003
  7.901184024424217E-002 -1.712981934578084E-002 -6.625741093041414E-002
  1.744255902951089E-003 -1.096143810811609E-003  1.239694437981305E-003
  3.007281000249485E-006  1.532527612127140E-005  4.029957527385545E-005
  1.296671084700644E-002 -6.865398263498311E-002 -5.667836118781804E-002
  3.955997044626152E-003  2.805582187610677E-003 -7.624062534352035E-004
  5.719691546071696E-003 -5.548661970506320E-003 -2.784429307395107E-002
 -6.030489012699635E-003  7.292077837512942E-003  2.319571407005957E-002
 -1.712981934578084E-002  6.423363663396807E-002  6.309416651679249E-002
  5.057873498528865E-004 -9.666365770737968E-005 -9.149525900456896E-004
  1.212157092441895E-005 -3.198839589376899E-005 -8.986748160358072E-005
  5.494728987902255E-002 -5.582947966301291E-002 -0.277244609146656     
  5.406439991243755E-003 -3.027689022646001E-004  5.958265137227263E-003
  1.315823969482098E-003 -8.578360176693362E-004 -7.449351612333129E-003
  3.878857013197868E-003 -6.394632320786624E-003 -1.765184646562752E-002
 -6.625741093041415E-002  6.309416651679249E-002  0.295643081581116     
  6.770066637337765E-004  3.854760336973359E-004  1.007671644465269E-003
  3.199341373931124E-005 -9.492564675108482E-005 -2.632111381983976E-004
 -1.939957575379277E-002  3.240650370930811E-002 -3.093925422225656E-002
 -8.599830836071992E-002  8.281811306975512E-002 -7.447852421571982E-002
  8.614276030221677E-004 -4.791608297974519E-004 -8.511485280578936E-004
 -7.810242517496784E-003 -3.864947386312271E-004  1.446051030662030E-003
  1.744255902951076E-003  5.057873498528793E-004  6.770066637337679E-004
  0.110605617200040      -0.114868089397217       0.104136887643502     
 -3.174074004315977E-006  3.340836727648318E-006  8.981628137455760E-006
 -4.948315732419713E-003 -2.408777092543593E-003  2.571051859698740E-003
  0.121189027627744      -0.244621852325717       0.237485095929079     
 -1.441618016035857E-003  9.170332856916562E-004 -5.962659397251395E-004
  1.158386979939713E-003  1.240878891241900E-003 -1.181132746601950E-003
 -1.096143810811615E-003 -9.666365770739775E-005  3.854760336973367E-004
 -0.114868089397217       0.244978196757082      -0.238646043025380     
  6.752348802705394E-006 -8.815858043658267E-006 -1.818211077037336E-005
  8.748470670588251E-003 -3.862056968571555E-003  2.012948207746945E-003
 -0.115675534394698       0.244216695430118      -0.242342955538605     
  6.237800784716357E-004  4.728591440556101E-004 -3.942313970526826E-004
  9.354933289672415E-004 -1.275142092781794E-003  1.267299980211403E-003
  1.239694437981271E-003 -9.149525900456892E-004  1.007671644465256E-003
  0.104136887643502      -0.238646043025380       0.238439166697802     
 -8.791764814958599E-006  8.640102601188307E-006  1.010040543363204E-005
  1.501787363697574E-005  1.256579626385773E-005  3.813741963765120E-005
  1.473596817058212E-005 -1.755437132746555E-005 -2.516005495054204E-005
 -3.726315013405132E-006  3.441478414298536E-006  3.181075375847256E-006
 -1.947223660784032E-006 -2.472316712239155E-006  3.692176172698929E-006
  3.007281000253418E-006  1.212157092442208E-005  3.199341373930104E-005
 -3.174074004317954E-006  6.752348802709357E-006 -8.791764814978375E-006
 -2.391351012930313E-005 -1.485450636558162E-005 -4.305226515997917E-005
  1.014373056484394E-005  8.360409564638011E-006 -6.035384837956122E-005
 -7.640584393606675E-006  7.487659588700643E-006  1.187271113927562E-005
 -6.288605572720383E-006 -1.251505796100316E-005  3.744323024396658E-006
 -2.614708185966162E-008  4.789833024506854E-006 -1.289169346060521E-005
  1.532527612127113E-005 -3.198839589376607E-005 -9.492564675108014E-005
  3.340836727650981E-006 -8.815858043667133E-006  8.640102601185903E-006
 -1.485450636558167E-005  3.268140972058670E-005  1.439140518263919E-004
  2.696240884086705E-005 -7.050369030525146E-005 -1.330474032201606E-004
 -1.304394023462792E-005  3.430659664118140E-005  3.230930032835400E-005
 -1.001275476070377E-005 -3.118618251394823E-005 -1.282133084434378E-005
 -1.013465209686901E-005  3.151881672557511E-005 -1.283249334428670E-005
  4.029957527385300E-005 -8.986748160357302E-005 -2.632111381983867E-004
  8.981628137456770E-006 -1.818211077038622E-005  1.010040543362852E-005
 -4.305226515998216E-005  1.439140518263911E-004  3.795026598452046E-004
 Masses in au
   21874.6618111745        29156.9463602902        1837.15258665392     
   1837.15258665392        1837.15258665392        1837.15258665392     
   1837.15258665392     
