 Coordinates, Gradient and Hessian of a Structure written by dl-find
           7           1           1
  0.000000000000000E+000
 Energy
  -116.109478942552     
 Coordinates
  -8.09973848828594        1.01201004442634      -0.173405853987699     
  -5.41645796210440       0.932710121636792      -0.115877661061120     
  -8.91124135275252      -0.742389324284012      -0.898440684484698     
  -8.60679297020170        2.53817200617124       -1.45569386548994     
  -8.89401630524195        1.41336209850064        1.68481623145191     
  -4.90792817058245      -0.322407399897494        1.09249633761524     
  -7.34869497177372        3.22162264554703        6.38754389693310     
 Gradient
 -1.442512223371777E-003 -9.051988418620232E-004  2.373908244183060E-003
 -5.606265724398972E-004  1.639674766772431E-003 -1.759772395923929E-003
 -1.490929829877694E-004  6.974044474655572E-004 -3.300670104290945E-004
  4.278700066531254E-004  2.058276739225531E-004 -7.148537506729625E-004
  9.487118381545816E-004 -4.174192800240077E-004 -1.207815076269558E-003
  8.280393747639334E-004 -1.239516414425515E-003  1.596320198717891E-003
 -5.238944077221192E-005  1.922764815096986E-005  4.227979039462763E-005
 Hessian
  0.471823552135458      -2.039190908274483E-004 -3.209648009445468E-005
 -0.243059251607052       2.088026110087023E-002 -1.975457164459501E-002
 -7.746333756107796E-002 -7.649241741274686E-002 -3.047251389803151E-002
 -5.644856696459036E-002  4.536353350989088E-002 -3.783269610464519E-002
 -7.718347080565252E-002  1.654645495515329E-002  8.172500369935297E-002
 -1.765889711721741E-002 -6.098167538871248E-003  6.379896759954154E-003
 -1.002807986782184E-005  4.254476533078448E-006 -1.302233194263101E-005
 -2.039190908274492E-004  0.588447685578552      -1.831646368209578E-002
 -1.347405064807802E-002 -7.672495437792430E-002  1.665004943773365E-002
 -7.166855044858642E-002 -0.244761494097450      -7.824367476035068E-002
  3.499200833634798E-002 -0.201943719513497       0.125768679886640     
  1.724161237845713E-002 -6.367176993053679E-002 -4.564991665659583E-002
  3.313053915198706E-002 -1.341073116963491E-003 -1.318640020636293E-004
 -1.763967930054292E-005 -4.674542180480235E-006 -7.681022326675777E-005
 -3.209648009446070E-005 -1.831646368209576E-002  0.592721382645681     
  1.472868069429977E-002  1.584616552156558E-002 -7.611130231501002E-002
 -3.021176696798555E-002 -7.722735059920130E-002 -8.627843328899167E-002
 -2.892425459002410E-002  0.125895331745319      -0.157751727281233     
  7.603481643320358E-002 -4.670698459346733E-002 -0.271784545837046     
 -3.156274890805450E-002  5.817576185721134E-004 -6.278059832919914E-004
 -3.263018134622645E-005 -7.245601069851359E-005 -1.675679401022699E-004
 -0.243059251607052      -1.347405064807800E-002  1.472868069429981E-002
  0.403955474459123      -9.511440886211082E-002  9.025571341932397E-002
 -3.227172093261035E-002 -1.360799577956229E-003 -2.602701593733165E-003
 -2.140389052760847E-002  2.586312556678792E-003 -2.354809278486691E-003
 -3.237986016052948E-002  2.567048618474967E-003  1.386361038869887E-003
 -7.483309065207704E-002  0.104837015756272      -0.101332304205435     
 -7.660579245307369E-006 -4.111784327953215E-005 -8.094007483906913E-005
  2.088026110087023E-002 -7.672495437792438E-002  1.584616552156557E-002
 -9.511440886211081E-002  0.315585634190337      -0.261468979889785     
 -2.904316226826392E-002  1.025212396051953E-002  1.979882260353583E-003
  3.118020913648659E-002  2.082924756590150E-003  1.437182897781765E-004
  7.609100187155796E-003  3.290114871465116E-003  6.002782913610750E-004
  6.449367549680945E-002 -0.254503845020691       0.242821909401672     
 -5.674790948405485E-006  1.800161970175951E-005  7.702612505597410E-005
 -1.975457164459501E-002  1.665004943773363E-002 -7.611130231501022E-002
  9.025571341932394E-002 -0.261468979889785       0.297653607884157     
 -1.272623270422822E-002  1.851906251186997E-003  4.118465945534117E-003
 -2.734241810580073E-002  3.012090480343512E-004  1.638399564078214E-003
  3.152515986804711E-002  6.092677935883774E-004  9.962500286847281E-003
 -6.196903254276507E-002  0.242034662071510      -0.237335356753782     
  1.138171001909846E-005  2.188528773402212E-005  7.368538817380299E-005
 -7.746333756107794E-002 -7.166855044858637E-002 -3.021176696798554E-002
 -3.227172093261036E-002 -2.904316226826390E-002 -1.272623270422822E-002
  9.842452689359664E-002  8.759724449948175E-002  3.594990006640462E-002
  4.061687207812094E-003  5.398715763878771E-003  3.103961523420172E-003
  6.265009469187559E-003  9.105068996820479E-003  3.185265900241377E-003
  9.853858181640726E-004 -1.388938461134808E-003  6.897664363597281E-004
 -1.550895072014981E-006 -3.780821958335464E-007  9.105745787774884E-006
 -7.649241741274689E-002 -0.244761494097450      -7.722735059920127E-002
 -1.360799577956209E-003  1.025212396051952E-002  1.851906251186986E-003
  8.759724449948172E-002  0.257944264316812       8.590418479856628E-002
 -7.675268498788989E-003 -1.998618316378981E-002 -1.018405562492869E-002
 -1.559578426288431E-003 -4.329753854110234E-003 -8.289791366643492E-004
 -5.014900313689714E-004  8.887252882160812E-004  5.020937631332605E-004
 -7.690552332241593E-006 -7.682450196981496E-006 -1.779945209224127E-005
 -3.047251389803152E-002 -7.824367476035071E-002 -8.627843328899171E-002
 -2.602701593733160E-003  1.979882260353584E-003  4.118465945534119E-003
  3.594990006640462E-002  8.590418479856628E-002  8.340265232120106E-002
  7.492506088656344E-003  1.843704101517555E-002  8.537102919404719E-003
 -9.655618293068456E-003 -2.734221640859597E-002 -9.357302766179538E-003
 -7.036703269205821E-004 -7.377729014227683E-004 -4.145980621721975E-004
 -7.902043307289570E-006  2.555996273745965E-006 -7.887068796289879E-006
 -5.644856696459036E-002  3.499200833634795E-002 -2.892425459002405E-002
 -2.140389052760845E-002  3.118020913648654E-002 -2.734241810580075E-002
  4.061687207812082E-003 -7.675268498788987E-003  7.492506088656334E-003
  7.784956562834210E-002 -5.049793887099047E-002  4.272300079867793E-002
  3.933749797425125E-003 -8.894591037504271E-003  6.098794816973585E-003
 -7.990248306444235E-003  8.917093166145008E-004 -4.780852205239010E-005
 -2.296834936235960E-006  3.871617834900538E-006  1.795135692159717E-007
  4.536353350989088E-002 -0.201943719513497       0.125895331745319     
  2.586312556678798E-003  2.082924756590111E-003  3.012090480343504E-004
  5.398715763878774E-003 -1.998618316378980E-002  1.843704101517553E-002
 -5.049793887099047E-002  0.212072451864149      -0.137648872002886     
 -2.272660316634123E-003  6.401363612258845E-003 -5.713513368719158E-003
 -5.837282623615311E-004  1.368550930324829E-003 -1.295569256929642E-003
  5.765619537635393E-006  4.611513963896539E-006  2.437282000616490E-005
 -3.783269610464521E-002  0.125768679886640      -0.157751727281233     
 -2.354809278486676E-003  1.437182897781613E-004  1.638399564078217E-003
  3.103961523420175E-003 -1.018405562492868E-002  8.537102919404722E-003
  4.272300079867793E-002 -0.137648872002886       0.163264786713177     
 -6.092776144525047E-003  2.296779139205301E-002 -1.702405770686025E-002
  4.568008824057746E-004 -1.038769595088769E-003  1.345205528464549E-003
 -3.481676847048099E-006 -8.492345568353783E-006 -9.709737031685167E-006
 -7.718347080565249E-002  1.724161237845712E-002  7.603481643320358E-002
 -3.237986016052945E-002  7.609100187155859E-003  3.152515986804712E-002
  6.265009469187561E-003 -1.559578426288432E-003 -9.655618293068458E-003
  3.933749797425141E-003 -2.272660316634124E-003 -6.092776144525049E-003
  9.785227900238064E-002 -1.993284392263010E-002 -9.305073480451458E-002
  1.516815777532931E-003 -1.071653728829977E-003  1.280610142717110E-003
 -4.523080344811188E-006 -1.397617123260272E-005 -4.145720185770415E-005
  1.654645495515331E-002 -6.367176993053678E-002 -4.670698459346730E-002
  2.567048618474957E-003  3.290114871465130E-003  6.092677935883797E-004
  9.105068996820483E-003 -4.329753854110240E-003 -2.734221640859598E-002
 -8.894591037504269E-003  6.401363612258834E-003  2.296779139205302E-002
 -1.993284392263010E-002  5.844103802204220E-002  5.138207046201607E-002
  6.280950015682585E-004 -1.078960647238856E-004 -8.609099424460567E-004
 -1.923261188235289E-005 -2.309665639404730E-005 -4.901870314921389E-005
  8.172500369935298E-002 -4.564991665659585E-002 -0.271784545837046     
  1.386361038869888E-003  6.002782913610565E-004  9.962500286847295E-003
  3.185265900241381E-003 -8.289791366643517E-004 -9.357302766179529E-003
  6.098794816973568E-003 -5.713513368719149E-003 -1.702405770686027E-002
 -9.305073480451459E-002  5.138207046201608E-002  0.287179596819665     
  7.202366963682783E-004  2.590524140321756E-004  1.167306927532909E-003
 -6.492734728992697E-005 -4.899200542301225E-005 -1.434977239650751E-004
 -1.765889711721741E-002  3.313053915198706E-002 -3.156274890805451E-002
 -7.483309065207705E-002  6.449367549680944E-002 -6.196903254276502E-002
  9.853858181640778E-004 -5.014900313689815E-004 -7.036703269205784E-004
 -7.990248306444242E-003 -5.837282623615206E-004  4.568008824057656E-004
  1.516815777532942E-003  6.280950015682753E-004  7.202366963682818E-004
  9.798213519064773E-002 -9.717285868613083E-002  9.304152478903320E-002
 -2.100710606483648E-006  5.767329495831629E-006  1.688940993345693E-005
 -6.098167538871241E-003 -1.341073116963477E-003  5.817576185720979E-004
  0.104837015756272      -0.254503845020691       0.242034662071509     
 -1.388938461134781E-003  8.887252882160848E-004 -7.377729014227528E-004
  8.917093166145452E-004  1.368550930324809E-003 -1.038769595088734E-003
 -1.071653728829996E-003 -1.078960647238959E-004  2.590524140321869E-004
 -9.717285868613088E-002  0.253713636123254      -0.241063506967205     
  2.893342081729907E-006 -1.809813941462954E-005 -3.542264039907332E-005
  6.379896759954160E-003 -1.318640020636278E-004 -6.278059832919726E-004
 -0.101332304205435       0.242821909401672      -0.237335356753782     
  6.897664363597078E-004  5.020937631332487E-004 -4.145980621722041E-004
 -4.780852205235253E-005 -1.295569256929668E-003  1.345205528464539E-003
  1.280610142717114E-003 -8.609099424460655E-004  1.167306927532922E-003
  9.304152478903317E-002 -0.241063506967205       0.235831359394116     
 -1.168540057747536E-005  2.784700383692614E-005  3.388894913391625E-005
 -1.002807986781789E-005 -1.763967930055027E-005 -3.263018134627444E-005
 -7.660579245296737E-006 -5.674790948402093E-006  1.138171001910703E-005
 -1.550895072020731E-006 -7.690552332239084E-006 -7.902043307290288E-006
 -2.296834936242412E-006  5.765619537626376E-006 -3.481676847049916E-006
 -4.523080344815545E-006 -1.923261188235571E-005 -6.492734728993575E-005
 -2.100710606492813E-006  2.893342081761195E-006 -1.168540057750441E-005
  2.816018007268608E-005  4.157867284415268E-005  1.092449393489502E-004
  4.254476533074665E-006 -4.674542180488625E-006 -7.245601069851649E-005
 -4.111784327953148E-005  1.800161970175125E-005  2.188528773401437E-005
 -3.780821958307433E-007 -7.682450196981896E-006  2.555996273747292E-006
  3.871617834900707E-006  4.611513963888397E-006 -8.492345568353432E-006
 -1.397617123260053E-005 -2.309665639404472E-005 -4.899200542300889E-005
  5.767329495834519E-006 -1.809813941464471E-005  2.784700383693117E-005
  4.157867284415251E-005  3.093865452051542E-005  7.765207384518793E-005
 -1.302233194262603E-005 -7.681022326676704E-005 -1.675679401023152E-004
 -8.094007483907501E-005  7.702612505595476E-005  7.368538817381683E-005
  9.105745787770371E-006 -1.779945209224139E-005 -7.887068796295350E-006
  1.795135692136947E-007  2.437282000615532E-005 -9.709737031697571E-006
 -4.145720185770217E-005 -4.901870314920964E-005 -1.434977239650650E-004
  1.688940993345980E-005 -3.542264039909243E-005  3.388894913393376E-005
  1.092449393489586E-004  7.765207384518625E-005  2.210881325876280E-004
 Masses in au
   21874.6618111745        29156.9463602902        1837.15258665392     
   1837.15258665392        1837.15258665392        1837.15258665392     
   1837.15258665392     
