 Coordinates, Gradient and Hessian of a Structure written by dl-find
           7           1           1
  0.000000000000000E+000
 Energy
  -116.097305609119     
 Coordinates
  -7.99730018531038        1.08978476882577       1.890992780374870E-002
  -5.40683811955114       0.896162807964503      -0.226762664277246     
  -9.04712951842622      -0.672872705404123      -0.114812422140899     
  -8.71312184243210        2.61674098268734       -1.14014503954499     
  -8.60379359604137        1.94610684748882        2.63280630494451     
  -4.82626306590085      -0.528044053912692       0.736591831853029     
  -8.85075800526954        2.40041017651068        4.16623369879261     
 Gradient
 -7.023733974075836E-003  5.756136202010452E-003  1.830618210567463E-002
  3.538017960746602E-003 -9.463448784424477E-004 -2.685754041107610E-003
  2.058648862654572E-004  3.972131304497979E-004 -2.262694567805308E-003
  3.446234423612052E-004 -1.276720835919118E-003 -1.140945132751170E-003
  3.459157329851186E-003 -5.787697612881127E-003 -1.881883195780810E-002
  3.129137020359590E-004  2.154411127378005E-004  6.176977441702046E-004
 -8.368433471863624E-004  1.641972882042988E-003  5.984345849628892E-003
 Hessian
  0.516142293528206       1.636077983983323E-002  6.850850107310694E-002
 -0.303235938993494       3.824470127296409E-002  1.745491744975709E-002
 -0.110672090688333      -0.115377631173240      -1.966232481386980E-002
 -7.637817249240127E-002  6.775315282377617E-002 -6.268167250789193E-002
 -7.419925082859795E-003 -7.363033993862404E-003 -2.327254288961020E-002
 -2.086401994867777E-002 -3.441206346718327E-003  6.744520673861498E-003
  2.427853677557189E-003  3.823237577245064E-003  1.290860101464863E-002
  1.636077983983322E-002  0.578233892701419      -0.157427990277553     
 -6.928874119356238E-003 -8.653349815278537E-002  2.927140388369949E-002
 -0.105026696288202      -0.268210793797217      -2.063964997092645E-002
  5.799457959426703E-002 -0.212149155351462       0.147603010140373     
 -6.935613762746977E-003 -5.583448456218002E-003  3.145506259989840E-002
  4.010917673305541E-002 -3.628411738478414E-003 -5.229877593009570E-003
  4.426648003153713E-003 -2.128585205254387E-003 -2.503195878248614E-002
  6.850850107310694E-002 -0.157427990277552       0.188488183044194     
  1.795372893029848E-002  2.456416936867982E-002 -4.345555594582504E-002
 -7.819119985819169E-003 -1.884963163893641E-003 -2.848387423687820E-002
 -4.653395730264590E-002  0.127425947550986      -0.129786944025233     
 -2.315263574860290E-002  3.102221253260767E-002  8.474928244051216E-002
 -2.423745980123763E-002  7.104199820029630E-004  2.268334714872030E-003
  1.528094283491102E-002 -2.440979599281983E-002 -7.377942599165117E-002
 -0.303235938993494      -6.928874119356253E-003  1.795372893029847E-002
  0.443017861912869      -0.136581353966562       5.351678476011588E-002
 -3.014821557596258E-002  3.391777481292391E-003  4.785545457916773E-003
 -2.029653053491108E-002  2.521051778757508E-003  1.747270226052687E-003
 -9.905812852680849E-003  3.032806509419144E-003  7.652769159381406E-003
 -8.215968726007050E-002  0.134473963426814      -8.770207696168658E-002
  2.728323304251263E-003  9.062888963746871E-005  2.045978427920129E-003
  3.824470127296409E-002 -8.653349815278542E-002  2.456416936867981E-002
 -0.136581353966562       0.402284054463005      -0.243216923095299     
 -2.792072660472796E-002  1.237374196372010E-002  5.773828524169094E-003
  3.136904700627401E-002  1.197589374556617E-003 -6.221849827370440E-003
  5.147048362670303E-003 -1.900953578514374E-004 -4.218283342679959E-003
  9.073877199296441E-002 -0.329450885808721       0.222401228549660     
 -9.974880635852620E-004  3.190935180716749E-004  9.178298228425111E-004
  1.745491744975708E-002  2.927140388369949E-002 -4.345555594582502E-002
  5.351678476011587E-002 -0.243216923095299       0.193589091537550     
 -2.991974928728831E-003 -1.452973297093933E-003  5.077930444511548E-003
 -2.239372956837384E-002  4.810651150199823E-004  4.820537087360188E-003
  1.348484452793704E-002 -3.429156294521845E-003 -7.944574218297503E-003
 -5.631542781741769E-002  0.216895077781898      -0.155836781569504     
 -2.755414423288705E-003  1.451505906298975E-003  3.749352664203798E-003
 -0.110672090688333      -0.105026696288202      -7.819119985819172E-003
 -3.014821557596253E-002 -2.792072660472795E-002 -2.991974928728825E-003
  0.130265017393776       0.124506964440915       9.212272294881259E-003
  7.755852196530780E-003  8.681631776433605E-003  4.143106851371612E-004
  1.185917331388249E-003  1.031389439374511E-003  1.509538289754784E-004
  1.691262888674650E-003 -1.331735222092374E-003  1.476924554990707E-003
 -7.774354607371267E-005  5.917245829950605E-005 -4.433664494366336E-004
 -0.115377631173240      -0.268210793797217      -1.884963163893634E-003
  3.391777481292400E-003  1.237374196372010E-002 -1.452973297093937E-003
  0.124506964440915       0.269118398768148       8.954946606020149E-003
 -1.054066278823214E-002 -1.291594405029364E-002 -5.399631623894435E-003
 -1.313462860209119E-003 -2.629682220887861E-003 -4.580411560192537E-005
 -1.019785500432921E-003  1.626344114321727E-003  2.876451242865025E-004
  3.528003999071603E-004  6.379352222085997E-004 -4.592195298227317E-004
 -1.966232481386979E-002 -2.063964997092646E-002 -2.848387423687822E-002
  4.785545457916773E-003  5.773828524169104E-003  5.077930444511542E-003
  9.212272294881259E-003  8.954946606020151E-003  2.674410975264290E-002
  8.454174366236845E-003  1.638849375336905E-002  5.256124054981997E-003
 -1.862435014343565E-003 -1.090583195384631E-002 -9.785106274447088E-003
 -7.849557423596338E-004 -1.202856552742288E-003 -1.057766168578227E-003
 -1.422765484627439E-004  1.631069593955939E-003  2.248582427767828E-003
 -7.637817249240128E-002  5.799457959426705E-002 -4.653395730264589E-002
 -2.029653053491106E-002  3.136904700627400E-002 -2.239372956837387E-002
  7.755852196530777E-003 -1.054066278823214E-002  8.454174366236850E-003
  9.561092807038699E-002 -7.792627950452607E-002  6.000699972543914E-002
  7.121685887339502E-004 -1.105716465897223E-003  7.204669471973538E-004
 -7.261179195132697E-003  2.732797330005369E-004  9.683441046044862E-005
 -1.430666332065774E-004 -6.424757488606620E-005 -3.507885783140950E-004
  6.775315282377614E-002 -0.212149155351462       0.127425947550986     
  2.521051778757518E-003  1.197589374556643E-003  4.810651150199878E-004
  8.681631776433576E-003 -1.291594405029364E-002  1.638849375336905E-002
 -7.792627950452606E-002  0.219905322443131      -0.139822039113178     
 -1.433810179880387E-004  8.790757394075283E-004 -5.911879435828697E-003
 -6.738265700046342E-004  2.526715900832148E-003  7.853382820804151E-005
 -2.123492864490700E-004  5.563959438276645E-004  1.359878301423925E-003
 -6.268167250789193E-002  0.147603010140373      -0.129786944025233     
  1.747270226052687E-003 -6.221849827370451E-003  4.820537087360199E-003
  4.143106851371602E-004 -5.399631623894445E-003  5.256124054981991E-003
  6.000699972543911E-002 -0.139822039113178       0.126387825163218     
 -1.191009923449069E-003  4.542337821012479E-003 -1.122728607262333E-002
  1.687954421242169E-003 -1.620973856728041E-004  2.248319064089666E-003
  1.614737346886849E-005 -5.397300112712824E-004  2.301424728207250E-003
 -7.419925082859795E-003 -6.935613762746971E-003 -2.315263574860290E-002
 -9.905812852680836E-003  5.147048362670287E-003  1.348484452793704E-002
  1.185917331388243E-003 -1.313462860209117E-003 -1.862435014343565E-003
  7.121685887339542E-004 -1.433810179880308E-004 -1.191009923449082E-003
  3.542319699417397E-002  1.291794105826527E-003  5.254777720996888E-003
  4.073813369137075E-005 -4.108843497085442E-004  4.007464187775908E-004
 -2.003628311244682E-002  2.364499522155739E-003  7.065712018684023E-003
 -7.363033993862417E-003 -5.583448456217981E-003  3.102221253260767E-002
  3.032806509419146E-003 -1.900953578514341E-004 -3.429156294521831E-003
  1.031389439374500E-003 -2.629682220887857E-003 -1.090583195384631E-002
 -1.105716465897229E-003  8.790757394075330E-004  4.542337821012465E-003
  1.291794105826529E-003  3.054448056466208E-002 -5.453890827559504E-003
  3.371208805718238E-004  1.997112298220285E-004 -1.376062800613329E-004
  2.775639524568187E-003 -2.322004149893361E-002 -1.563806499763157E-002
 -2.327254288961021E-002  3.145506259989839E-002  8.474928244051216E-002
  7.652769159381424E-003 -4.218283342679974E-003 -7.944574218297524E-003
  1.509538289754803E-004 -4.580411560192735E-005 -9.785106274447092E-003
  7.204669471973391E-004 -5.911879435828702E-003 -1.122728607262331E-002
  5.254777720996886E-003 -5.453890827559501E-003  1.947509777969116E-002
  1.493303592813761E-004  1.413806099978221E-003  7.861567698480945E-004
  9.344244873783851E-003 -1.723901097820028E-002 -7.605357042468849E-002
 -2.086401994867777E-002  4.010917673305540E-002 -2.423745980123765E-002
 -8.215968726007050E-002  9.073877199296448E-002 -5.631542781741768E-002
  1.691262888674643E-003 -1.019785500432924E-003 -7.849557423596291E-004
 -7.261179195132695E-003 -6.738265700046297E-004  1.687954421242157E-003
  4.073813369137880E-005  3.371208805718217E-004  1.493303592813713E-004
  0.108641071110220      -0.129491653644843       7.943271760231471E-002
 -8.818572870560464E-005  1.961086873434720E-007  6.784097817744173E-005
 -3.441206346718320E-003 -3.628411738478398E-003  7.104199820029747E-004
  0.134473963426814      -0.329450885808721       0.216895077781898     
 -1.331735222092385E-003  1.626344114321715E-003 -1.202856552742296E-003
  2.732797330005069E-004  2.526715900832162E-003 -1.620973856728082E-004
 -4.108843497085550E-004  1.997112298220340E-004  1.413806099978223E-003
 -0.129491653644843       0.328913663423799      -0.217572028356653     
 -7.176359644993225E-005 -1.871371215705761E-004 -8.232156881338367E-005
  6.744520673861505E-003 -5.229877593009560E-003  2.268334714872039E-003
 -8.770207696168657E-002  0.222401228549660      -0.155836781569504     
  1.476924554990717E-003  2.876451242865015E-004 -1.057766168578234E-003
  9.683441046046199E-005  7.853382820805336E-005  2.248319064089660E-003
  4.007464187775803E-004 -1.376062800613276E-004  7.861567698480932E-004
  7.943271760231473E-002 -0.217572028356653       0.152015540153050     
 -4.496666987200413E-004  1.721047275664275E-004 -4.238029637766979E-004
  2.427853677557188E-003  4.426648003153707E-003  1.528094283491103E-002
  2.728323304251256E-003 -9.974880635852757E-004 -2.755414423288702E-003
 -7.774354607371700E-005  3.528003999071625E-004 -1.422765484627454E-004
 -1.430666332065744E-004 -2.123492864490700E-004  1.614737346886818E-005
 -2.003628311244682E-002  2.775639524568191E-003  9.344244873783852E-003
 -8.818572870559590E-005 -7.176359644995672E-005 -4.496666987200352E-004
  1.518910203862620E-002 -6.273486981142746E-003 -2.129397741169394E-002
  3.823237577245066E-003 -2.128585205254372E-003 -2.440979599281984E-002
  9.062888963747502E-005  3.190935180716839E-004  1.451505906298971E-003
  5.917245829950164E-005  6.379352222086037E-004  1.631069593955942E-003
 -6.424757488606079E-005  5.563959438276545E-004 -5.397300112712731E-004
  2.364499522155745E-003 -2.322004149893361E-002 -1.723901097820028E-002
  1.961086873417237E-007 -1.871371215705901E-004  1.721047275664293E-004
 -6.273486981142747E-003  2.402233914164686E-002  3.893385675447310E-002
  1.290860101464864E-002 -2.503195878248616E-002 -7.377942599165116E-002
  2.045978427920132E-003  9.178298228425005E-004  3.749352664203786E-003
 -4.433664494366340E-004 -4.592195298227370E-004  2.248582427767830E-003
 -3.507885783140906E-004  1.359878301423930E-003  2.301424728207253E-003
  7.065712018684028E-003 -1.563806499763157E-002 -7.605357042468849E-002
  6.784097817743823E-005 -8.232156881337318E-005 -4.238029637767014E-004
 -2.129397741169393E-002  3.893385675447310E-002  0.141957439559949     
 Masses in au
   21874.6618111745        29156.9463602902        1837.15258665392     
   1837.15258665392        1837.15258665392        1837.15258665392     
   1837.15258665392     
