 Coordinates, Gradient and Hessian of a Structure written by dl-find
           7           1           1
  0.000000000000000E+000
 Energy
  -116.089926964075     
 Coordinates
  -8.11041336523545        1.09896619479310      -4.534644793559270E-002
  -5.43047104120500       0.927440051917594      -0.130904578516688     
  -9.06204494200863      -0.713171126503481      -0.406094134163715     
  -8.62454260583405        2.43130682951374       -1.54027292868667     
  -8.77844610270899        1.89247602683306        1.74896054640010     
  -4.94136291546727      -0.272233267254631        1.48903828144024     
  -6.91277509270716        1.81824945321704        4.23279535208877     
 Gradient
  3.608473696051676E-003 -5.275972633917693E-003  1.311201834517415E-002
 -1.597368335932372E-002  5.424865341914504E-002 -7.080981355397555E-002
 -3.366807074446340E-003 -3.078643802097158E-003 -1.831839018502679E-003
  9.241929652828126E-004  2.802969189546714E-003 -1.608189213319434E-003
  2.201103598540274E-003  1.815983132201872E-003  2.570809107334518E-003
  1.598640327965192E-002 -4.955585868660693E-002  6.796705486538841E-002
 -3.379683105756320E-003 -9.571306182724937E-004 -9.400040532099391E-003
 Hessian
  0.458641446083044       8.884064755117452E-003  1.166204060832148E-002
 -0.234122356426007       2.101035469432999E-002 -6.649752342835169E-003
 -8.792750526356985E-002 -8.808823745987067E-002 -1.836927190445419E-002
 -5.653827469786308E-002  3.597031513499693E-002 -4.380961556434097E-002
 -6.661370121433435E-002  2.306368478813305E-002  5.414715324797381E-002
 -1.710300209967081E-002 -1.296726808082124E-003  1.742632492118777E-003
  3.663393618401735E-003  4.565448953751071E-004  1.276813463215967E-003
  8.884064755117448E-003  0.566729033362057      -1.673061967224521E-002
 -2.708195299859087E-003 -7.122777826982631E-002  1.364734617370820E-002
 -8.378056049123159E-002 -0.246697322843398      -3.821849322627027E-002
  2.841601344372349E-002 -0.158898079605332       0.121716711936973     
  2.540581937886133E-002 -8.813446664800705E-002 -7.850945022746596E-002
  2.606689246801702E-002 -2.941759793755229E-003  1.655927128337218E-003
 -2.284034254629741E-003  1.170373798262037E-003 -3.561422113036334E-003
  1.166204060832149E-002 -1.673061967224522E-002  0.574538141831661     
  2.244117890074493E-002  1.046396534270233E-002 -7.970831051358553E-002
 -1.780282878567637E-002 -3.678260219437966E-002 -6.193143565600648E-002
 -3.319579122199991E-002  0.120587906637733      -0.188030799332750     
  5.785167091791488E-002 -8.163247193571613E-002 -0.231026572149397     
 -3.307280113763022E-002  4.709408599467598E-003 -1.361656746607931E-003
 -7.883469281677951E-003 -6.155867775608148E-004 -1.247936743331247E-002
 -0.234122356426007      -2.708195299859084E-003  2.244117890074495E-002
  0.391275784003127      -2.986560842303601E-002  6.694512823936709E-004
 -3.238765940992328E-002  4.559305653861977E-004  2.052427587097274E-005
 -2.166173335614108E-002  4.420499890426738E-003 -1.632214033523959E-003
 -2.845578297269557E-002  5.735160486743059E-003  7.591639917891834E-003
 -7.229944801091695E-002  2.212013503652697E-002 -2.705890609662149E-002
 -2.348803827442640E-003 -1.579222561876774E-004 -2.031674246756020E-003
  2.101035469433000E-002 -7.122777826982631E-002  1.046396534270233E-002
 -2.986560842303600E-002  0.145035898897973      -7.414204870588657E-002
 -2.773157301349514E-002  1.183079141214046E-002  2.549025642583921E-003
  2.634691466437607E-002  3.944981920553518E-004 -7.522905911941141E-004
  1.429241315360574E-002  2.956719722343922E-003  1.885177172671192E-004
 -4.541359810498514E-003 -8.940145020001540E-002  6.133335423075480E-002
  4.888587347178668E-004  4.113202453279545E-004  3.594763637725138E-004
 -6.649752342835167E-003  1.364734617370821E-002 -7.970831051358557E-002
  6.694512823936681E-004 -7.414204870588653E-002  0.194593750400637     
 -5.030510623421065E-003  7.968156850410572E-004  4.410878968492852E-003
 -3.029599220595526E-002  2.504206596499970E-003  2.857609440246617E-003
  3.093861446441036E-002  4.545285800518272E-004  7.139790679856865E-003
  8.639084060217746E-003  5.867711661937085E-002 -0.126293282803144     
  1.729105365189706E-003 -1.937964948784587E-003 -3.000436172503951E-003
 -8.792750526356984E-002 -8.378056049123159E-002 -1.780282878567637E-002
 -3.238765940992327E-002 -2.773157301349513E-002 -5.030510623421062E-003
  0.109646258379868       9.982480525393195E-002  1.917704358588557E-002
  4.469898844814537E-003  5.716938279837018E-003  1.903747932751437E-003
  6.018385014203295E-003  7.082759731396136E-003  1.222953376275257E-003
  5.028291642103578E-004 -9.798375108096046E-004  7.360420741902729E-004
 -3.222067296034757E-004 -1.325322496287918E-004 -2.064475600051155E-004
 -8.808823745987068E-002 -0.246697322843398      -3.678260219437966E-002
  4.559305653862101E-004  1.183079141214046E-002  7.968156850410706E-004
  9.982480525393196E-002  0.260220271568908       4.139927980340512E-002
 -7.535164136776329E-003 -1.689737411090001E-002 -5.365780896239604E-003
 -4.103728767519865E-003 -9.680110918988702E-003 -3.495289548401407E-004
 -4.680087084468598E-004  1.142007429261003E-003  3.409396209062998E-004
 -8.559674670444316E-005  8.173746297743890E-005 -3.912306389309197E-005
 -1.836927190445420E-002 -3.821849322627028E-002 -6.193143565600650E-002
  2.052427587096479E-005  2.549025642583919E-003  4.410878968492845E-003
  1.917704358588557E-002  4.139927980340514E-002  5.636642713170882E-002
  9.749689833371562E-003  2.144877724435107E-002  5.534346329123394E-003
 -1.093676906964450E-002 -2.633214424736614E-002 -4.886975035645172E-003
 -4.676460299461012E-004 -1.111691702570033E-003 -4.435837824126176E-004
  8.264293089165966E-004  2.652464858663555E-004  9.503420447392511E-004
 -5.653827469786309E-002  2.841601344372349E-002 -3.319579122199993E-002
 -2.166173335614111E-002  2.634691466437608E-002 -3.029599220595524E-002
  4.469898844814549E-003 -7.535164136776324E-003  9.749689833371555E-003
  7.812775942533720E-002 -4.315685063498698E-002  4.835807760792333E-002
  3.417556349799732E-003 -6.071255052557939E-003  5.926262017608673E-003
 -7.698644918398811E-003  1.862077654180849E-003 -6.015024087556708E-004
 -1.165616475484232E-004  1.382640620408223E-004  5.925637780722731E-005
  3.597031513499696E-002 -0.158898079605332       0.120587906637733     
  4.420499890426736E-003  3.944981920553427E-004  2.504206596499969E-003
  5.716938279837017E-003 -1.689737411090000E-002  2.144877724435106E-002
 -4.315685063498698E-002  0.165670097941809      -0.133144936945398     
 -3.374796773579982E-003  8.478559962038038E-003 -1.060327690251768E-002
 -8.918936559365750E-005  1.178078211174422E-003 -1.426795473852951E-003
  5.130834688997686E-004  7.421940915464948E-005  6.341188431853320E-004
 -4.380961556434096E-002  0.121716711936973      -0.188030799332750     
 -1.632214033523949E-003 -7.522905911941218E-004  2.857609440246593E-003
  1.903747932751440E-003 -5.365780896239613E-003  5.534346329123401E-003
  4.835807760792333E-002 -0.133144936945398       0.198147890984180     
 -5.602427990347768E-003  1.861131484496929E-002 -2.036900007787450E-002
  7.467444732772254E-004 -1.024394017002313E-003  1.511085277857933E-003
  3.568757426035308E-005 -4.062433210751956E-005  3.488673792170296E-004
 -6.661370121433434E-002  2.540581937886134E-002  5.785167091791490E-002
 -2.845578297269557E-002  1.429241315360574E-002  3.093861446441036E-002
  6.018385014203299E-003 -4.103728767519871E-003 -1.093676906964450E-002
  3.417556349799720E-003 -3.374796773579987E-003 -5.602427990347759E-003
  8.617544641446760E-002 -3.141778711078533E-002 -6.973868747586399E-002
  8.994708393829579E-004 -5.821172693475643E-004  1.340418197342161E-003
 -1.441374430824646E-003 -2.198026112340697E-004 -3.852819043810760E-003
  2.306368478813306E-002 -8.813446664800703E-002 -8.163247193571611E-002
  5.735160486743057E-003  2.956719722343923E-003  4.545285800518269E-004
  7.082759731396131E-003 -9.680110918988715E-003 -2.633214424736613E-002
 -6.071255052557937E-003  8.478559962038047E-003  1.861131484496929E-002
 -3.141778711078533E-002  8.576520400198326E-002  8.874611785674945E-002
  4.562209604639209E-004 -3.311646916752440E-004 -1.177813443910282E-003
  1.151216196608377E-003  9.452585723054064E-004  1.330468345221449E-003
  5.414715324797380E-002 -7.850945022746599E-002 -0.231026572149397     
  7.591639917891822E-003  1.885177172671202E-004  7.139790679856876E-003
  1.222953376275258E-003 -3.495289548401379E-004 -4.886975035645160E-003
  5.926262017608677E-003 -1.060327690251768E-002 -2.036900007787452E-002
 -6.973868747586399E-002  8.874611785674946E-002  0.248414752431747     
  3.620631562199559E-004  6.382927628032580E-004  2.962317322454350E-004
  4.886157598981374E-004 -1.106722519970994E-004  4.317724190654407E-004
 -1.710300209967082E-002  2.606689246801705E-002 -3.307280113763021E-002
 -7.229944801091695E-002 -4.541359810498518E-003  8.639084060217735E-003
  5.028291642103610E-004 -4.680087084468667E-004 -4.676460299461027E-004
 -7.698644918398819E-003 -8.918936559366509E-005  7.467444732772294E-004
  8.994708393829638E-004  4.562209604639163E-004  3.620631562199713E-004
  9.594517063296061E-002 -2.160467188391239E-002  2.326097233394863E-002
 -2.463756075673541E-004  1.801163399702469E-004  5.315831439127608E-004
 -1.296726808082127E-003 -2.941759793755215E-003  4.709408599467593E-003
  2.212013503652697E-002 -8.940145020001539E-002  5.867711661937085E-002
 -9.798375108095968E-004  1.142007429261002E-003 -1.111691702570032E-003
  1.862077654180850E-003  1.178078211174421E-003 -1.024394017002310E-003
 -5.821172693475614E-004 -3.311646916752448E-004  6.382927628032599E-004
 -2.160467188391239E-002  9.070011405770194E-002 -6.124888322458184E-002
  4.811407814438593E-004 -3.458250126907078E-004 -6.398490374875402E-004
  1.742632492118770E-003  1.655927128337221E-003 -1.361656746607933E-003
 -2.705890609662148E-002  6.133335423075480E-002 -0.126293282803144     
  7.360420741902765E-004  3.409396209063045E-004 -4.435837824126190E-004
 -6.015024087556732E-004 -1.426795473852948E-003  1.511085277857919E-003
  1.340418197342170E-003 -1.177813443910279E-003  2.962317322454359E-004
  2.326097233394863E-002 -6.124888322458185E-002  0.125429831155751     
  5.803434077774962E-004  5.232711623458830E-004  8.613751663103376E-004
  3.663393618401750E-003 -2.284034254629740E-003 -7.883469281677970E-003
 -2.348803827442640E-003  4.888587347178628E-004  1.729105365189688E-003
 -3.222067296034714E-004 -8.559674670444541E-005  8.264293089165949E-004
 -1.165616475484333E-004  5.130834688997745E-004  3.568757426035762E-005
 -1.441374430824649E-003  1.151216196608380E-003  4.886157598981368E-004
 -2.463756075673437E-004  4.811407814438646E-004  5.803434077774927E-004
  8.119286245847228E-004 -2.646681803356628E-004  4.223287865635689E-003
  4.565448953751108E-004  1.170373798262043E-003 -6.155867775608139E-004
 -1.579222561876734E-004  4.113202453279543E-004 -1.937964948784580E-003
 -1.325322496287937E-004  8.173746297743336E-005  2.652464858663570E-004
  1.382640620408205E-004  7.421940915465478E-005 -4.062433210752438E-005
 -2.198026112340754E-004  9.452585723054064E-004 -1.106722519970974E-004
  1.801163399702484E-004 -3.458250126907084E-004  5.232711623458885E-004
 -2.646681803356663E-004 -2.337084475336771E-003  1.916330662237768E-003
  1.276813463215968E-003 -3.561422113036327E-003 -1.247936743331247E-002
 -2.031674246756016E-003  3.594763637725105E-004 -3.000436172503948E-003
 -2.064475600051112E-004 -3.912306389309339E-005  9.503420447392531E-004
  5.925637780723015E-005  6.341188431853322E-004  3.488673792170082E-004
 -3.852819043810751E-003  1.330468345221462E-003  4.317724190654341E-004
  5.315831439127638E-004 -6.398490374875493E-004  8.613751663103481E-004
  4.223287865635682E-003  1.916330662237763E-003  1.288744659648435E-002
 Masses in au
   21874.6618111745        29156.9463602902        1837.15258665392     
   1837.15258665392        1837.15258665392        1837.15258665392     
   1837.15258665392     
