 Coordinates, Gradient and Hessian of a Structure written by dl-find
           7           1           1
  0.000000000000000E+000
 Energy
  -116.109166757927     
 Coordinates
  -8.05391752998514        1.08474959213085      -5.681897850976380E-002
  -5.38145398819820       0.883952717073563      -0.220546030472296     
  -8.95745764187133      -0.717698344671252      -0.475668011761508     
  -8.66206653024604        2.47892661862553       -1.44586407430435     
  -8.64439475135222        1.70791492737799        1.81826003568635     
  -4.84398416666059      -0.304711999420383        1.03720709283959     
  -8.66189380922899        2.85164647915766        6.14976998436024     
 Gradient
 -1.293274653353289E-003  2.012704555112657E-004 -3.104907131997080E-004
 -1.869896262970954E-004 -9.075757262690664E-004  1.624560515753974E-004
  2.342037672426112E-003  1.145894985164547E-003  1.078137898575373E-003
 -1.595407740020762E-003  1.237501668616113E-003 -9.920368924014517E-004
  1.300521676797638E-003 -1.087862997608973E-003 -1.502346876620780E-004
 -5.277000876317664E-004 -4.507441018084147E-004  7.492980644075621E-004
 -3.918724192084531E-005 -1.384842836054706E-004 -5.371297212950951E-004
 Hessian
  0.472793164197242       2.476847875990928E-003  1.305022915188854E-002
 -0.241566850553831       2.810170353404326E-002 -6.081470751649183E-003
 -8.618607168293291E-002 -9.255980989486320E-002 -2.186260858414003E-002
 -6.359991239409277E-002  4.886785084246392E-002 -5.017927023036965E-002
 -6.191140301156225E-002  1.769482834383438E-002  5.665214156696315E-002
 -1.957534698142934E-002 -4.627989752260499E-003  8.287470003320958E-003
  4.642042660729144E-005  4.656905079171094E-005  1.335088439852126E-004
  2.476847875990926E-003  0.591155327632463      -2.031193277451993E-002
 -4.956168717187045E-003 -7.531257900909842E-002  1.797448144974736E-002
 -8.707568416137056E-002 -0.260602642016512      -4.889683050909403E-002
  3.990869364996856E-002 -0.175233768959460       0.124384711460625     
  1.778652170167639E-002 -7.773573728482283E-002 -7.043588715431531E-002
  3.183928669841214E-002 -2.324060751584509E-003 -2.528526505446016E-003
  2.050295250848312E-005  5.346038901352310E-005 -1.860159669961029E-004
  1.305022915188853E-002 -2.031193277451990E-002  0.590824931897225     
  3.122532853149770E-002  1.289923314181332E-002 -7.931796329483233E-002
 -2.192521160718863E-002 -4.753829620236890E-002 -6.540447473191391E-002
 -4.052307843473894E-002  0.123103502495916      -0.176752711700000     
  5.088438380478772E-002 -7.090822550121759E-002 -0.270081090416144     
 -3.277858277788973E-002  2.978194671234312E-003  1.411162907823254E-003
  6.693133163901214E-005 -2.224758308597504E-004 -6.798546621539788E-004
 -0.241566850553831      -4.956168717187040E-003  3.122532853149769E-002
  0.405606034732244      -0.111542606205043       7.426902386574387E-002
 -3.587210200037987E-002  4.797730429955752E-004  1.083961522832583E-003
 -2.084995153188276E-002  3.095276242209514E-003 -1.381602860517163E-004
 -2.927634754396310E-002  4.445491245990319E-003  5.027255639490976E-003
 -7.809301220523081E-002  0.108539585113629      -0.111311852890751     
  5.222910304506906E-005 -6.135072259292899E-005 -1.555563827625509E-004
  2.810170353404324E-002 -7.531257900909846E-002  1.289923314181333E-002
 -0.111542606205043       0.289847802431714      -0.259253236256936     
 -2.894688859419261E-002  1.155023515517041E-002  3.862857346047295E-003
  2.847667526216756E-002  8.538492477212720E-004 -2.820896025353126E-003
  1.298312314205945E-002  3.056471464966401E-003 -4.881261160239881E-005
  7.096665062363793E-002 -0.230014688085075       0.245249270407116     
 -3.865776267436616E-005  1.890879459937251E-005  1.115839989157400E-004
 -6.081470751649175E-003  1.797448144974735E-002 -7.931796329483214E-002
  7.426902386574390E-002 -0.259253236256936       0.325751919310502     
 -6.064601132888932E-003  1.317097960978731E-003  4.676671610333463E-003
 -2.755839763224088E-002  7.365764224579764E-004  4.690488402019329E-003
  3.431409954537667E-002 -3.282096817758650E-004  6.491528788353499E-003
 -6.882621794749715E-002  0.239516058168203      -0.262427620997887     
 -5.243594684215376E-005  3.723193732666553E-005  1.349761815093687E-004
 -8.618607168293285E-002 -8.707568416137060E-002 -2.192521160718864E-002
 -3.587210200037989E-002 -2.894688859419259E-002 -6.064601132888932E-003
  0.110379401750692       0.104046024051097       2.372089575187396E-002
  5.116672910198739E-003  7.127429541566977E-003  2.477556773843665E-003
  5.539739603641658E-003  6.231068425636076E-003  9.959928891975333E-004
  1.032470433507487E-003 -1.367198713256455E-003  8.193881721132283E-004
 -1.011101472701215E-005 -1.475054948084865E-005 -2.402084695083785E-005
 -9.255980989486315E-002 -0.260602642016512      -4.753829620236891E-002
  4.797730429955386E-004  1.155023515517038E-002  1.317097960978718E-003
  0.104046024051097       0.273873245631996       5.336379924238573E-002
 -8.076341278670619E-003 -1.795743916511728E-002 -6.391665786177489E-003
 -3.267163914051542E-003 -7.865197687636698E-003 -9.743141545397500E-004
 -6.203492762521351E-004  1.022127217983204E-003  2.912629374797315E-004
 -2.132730255580988E-006 -2.032913588340766E-005 -6.788399775801319E-005
 -2.186260858414002E-002 -4.889683050909404E-002 -6.540447473191391E-002
  1.083961522832578E-003  3.862857346047307E-003  4.676671610333492E-003
  2.372089575187396E-002  5.336379924238573E-002  6.031984171948205E-002
  9.446831401796427E-003  2.061887147019805E-002  6.078777291493980E-003
 -1.155186192099535E-002 -2.832490842860609E-002 -5.402596084139051E-003
 -8.387988650170287E-004 -6.562124370036683E-004 -2.919720218287482E-004
  1.580693649352918E-006  3.242331607266753E-005  2.375221657223940E-005
 -6.359991239409278E-002  3.990869364996859E-002 -4.052307843473893E-002
 -2.084995153188277E-002  2.847667526216753E-002 -2.755839763224088E-002
  5.116672910198738E-003 -8.076341278670615E-003  9.446831401796418E-003
  8.363567765164949E-002 -5.528033794302846E-002  5.363817201196917E-002
  3.547639423410210E-003 -5.939267068808493E-003  4.514546847583841E-003
 -7.842867906488389E-003  9.043098736527338E-004  4.921048566992846E-004
 -7.258152794446997E-006  6.267504718786947E-006 -1.017905106901139E-005
  4.886785084246392E-002 -0.175233768959460       0.123103502495916     
  3.095276242209526E-003  8.538492477212485E-004  7.365764224579562E-004
  7.127429541566973E-003 -1.795743916511727E-002  2.061887147019804E-002
 -5.528033794302847E-002  0.182913958501498      -0.135025516361387     
 -3.485012236522247E-003  8.250380832795985E-003 -8.276790481195659E-003
 -3.269173245664401E-004  1.170231850588053E-003 -1.213098467645142E-003
  1.710877876609038E-006  2.787691973534311E-006  5.645492165585945E-005
 -5.017927023036965E-002  0.124384711460625      -0.176752711700000     
 -1.381602860517100E-004 -2.820896025353124E-003  4.690488402019346E-003
  2.477556773843667E-003 -6.391665786177498E-003  6.078777291493982E-003
  5.363817201196919E-002 -0.135025516361387       0.183173188280092     
 -7.194559636186143E-003  2.111963894316790E-002 -1.850210974072264E-002
  1.393938347762295E-003 -1.237364705850068E-003  1.351361579974511E-003
  2.323019032060844E-006 -2.890752502598283E-005 -3.899411285720387E-005
 -6.191140301156225E-002  1.778652170167641E-002  5.088438380478773E-002
 -2.927634754396310E-002  1.298312314205940E-002  3.431409954537668E-002
  5.539739603641654E-003 -3.267163914051542E-003 -1.155186192099535E-002
  3.547639423410204E-003 -3.485012236522251E-003 -7.194559636186137E-003
  8.051928275583951E-002 -2.301450274910092E-002 -6.777694916707565E-002
  1.511764783842545E-003 -1.006169730424683E-003  1.317016373854648E-003
  6.932398879033840E-005  3.203786362900174E-006  7.871000239313004E-006
  1.769482834383437E-002 -7.773573728482279E-002 -7.090822550121763E-002
  4.445491245990323E-003  3.056471464966409E-003 -3.282096817758663E-004
  6.231068425636080E-003 -7.865197687636704E-003 -2.832490842860610E-002
 -5.939267068808487E-003  8.250380832795990E-003  2.111963894316789E-002
 -2.301450274910092E-002  7.447357966863150E-002  7.948537667167646E-002
  5.850513445990915E-004 -1.714766788973720E-004 -8.355902039202336E-004
 -2.669542149190487E-006 -8.020315036220052E-006 -2.080817993260102E-004
  5.665214156696313E-002 -7.043588715431534E-002 -0.270081090416144     
  5.027255639490962E-003 -4.881261160239541E-005  6.491528788353497E-003
  9.959928891975325E-004 -9.743141545397502E-004 -5.402596084139067E-003
  4.514546847583848E-003 -8.276790481195664E-003 -1.850210974072264E-002
 -6.777694916707565E-002  7.948537667167646E-002  0.287239222845478     
  5.955389817652926E-004  4.488745329400053E-004  9.382681187711205E-004
 -8.526757920584882E-006 -1.984468029604235E-004 -6.832235116020885E-004
 -1.957534698142932E-002  3.183928669841216E-002 -3.277858277788973E-002
 -7.809301220523082E-002  7.096665062363795E-002 -6.882621794749713E-002
  1.032470433507482E-003 -6.203492762521369E-004 -8.387988650170284E-004
 -7.842867906488376E-003 -3.269173245664382E-004  1.393938347762292E-003
  1.511764783842546E-003  5.850513445990936E-004  5.955389817652827E-004
  0.102973751917387      -0.102455191930347       0.100420853635657     
 -6.760041589795434E-006  1.146986451557924E-005  3.326862521948990E-005
 -4.627989752260498E-003 -2.324060751584487E-003  2.978194671234338E-003
  0.108539585113629      -0.230014688085075       0.239516058168203     
 -1.367198713256439E-003  1.022127217983203E-003 -6.562124370036627E-004
  9.043098736527378E-004  1.170231850588048E-003 -1.237364705850053E-003
 -1.006169730424702E-003 -1.714766788973550E-004  4.488745329400122E-004
 -0.102455191930347       0.230341620841769      -0.240990974156007     
  1.265513900921867E-005 -2.375439478221604E-005 -5.857607351724201E-005
  8.287470003320960E-003 -2.528526505446005E-003  1.411162907823252E-003
 -0.111311852890751       0.245249270407116      -0.262427620997887     
  8.193881721132288E-004  2.912629374797322E-004 -2.919720218287350E-004
  4.921048566992824E-004 -1.213098467645140E-003  1.351361579974511E-003
  1.317016373854627E-003 -8.355902039202253E-004  9.382681187711211E-004
  0.100420853635657      -0.240990974156007       0.258980833723848     
 -2.498015089606393E-005  2.765598842106311E-005  3.796668929975716E-005
  4.642042660729279E-005  2.050295250846962E-005  6.693133163902038E-005
  5.222910304506927E-005 -3.865776267435858E-005 -5.243594684215215E-005
 -1.011101472700851E-005 -2.132730255567920E-006  1.580693649350052E-006
 -7.258152794450051E-006  1.710877876618486E-006  2.323019032069765E-006
  6.932398879033992E-005 -2.669542149195296E-006 -8.526757920565871E-006
 -6.760041589797046E-006  1.265513900923336E-005 -2.498015089607620E-005
 -1.438443093314453E-004  8.591065684800202E-006  1.510781133835427E-005
  4.656905079170838E-005  5.346038901350897E-005 -2.224758308597434E-004
 -6.135072259292616E-005  1.890879459936793E-005  3.723193732666886E-005
 -1.475054948084666E-005 -2.032913588340657E-005  3.242331607266890E-005
  6.267504718784891E-006  2.787691973536314E-006 -2.890752502598008E-005
  3.203786362901892E-006 -8.020315036218783E-006 -1.984468029604299E-004
  1.146986451557719E-005 -2.375439478221964E-005  2.765598842106443E-005
  8.591065684795483E-006 -2.305302988457394E-005  3.525189170257583E-004
  1.335088439852118E-004 -1.860159669961082E-004 -6.798546621539463E-004
 -1.555563827625580E-004  1.115839989157464E-004  1.349761815093921E-004
 -2.402084695083614E-005 -6.788399775801290E-005  2.375221657223911E-005
 -1.017905106901387E-005  5.645492165585170E-005 -3.899411285719974E-005
  7.871000239326603E-006 -2.080817993260065E-004 -6.832235116021051E-004
  3.326862521950415E-005 -5.857607351724966E-005  3.796668929975902E-005
  1.510781133835061E-005  3.525189170257589E-004  1.205377199231885E-003
 Masses in au
   21874.6618111745        29156.9463602902        1837.15258665392     
   1837.15258665392        1837.15258665392        1837.15258665392     
   1837.15258665392     
