 Coordinates, Gradient and Hessian of a Structure written by dl-find
           7           1           1
  0.000000000000000E+000
 Energy
  -116.109385505851     
 Coordinates
  -8.02885899853633        1.03058530163798      -3.745910678743330E-002
  -5.35597518153943       0.884917044589953      -0.271017795064661     
  -8.95822487089671      -0.658832792184907      -0.779694985266368     
  -8.63044441117686        2.65053572050157       -1.15520049187317     
  -8.61498739193267        1.31948104477545        1.92313986551118     
  -4.76775504969924      -0.448835026975659       0.799155012501865     
  -9.50111764104060        3.78335013237346        6.86681334976992     
 Gradient
 -7.238830804844615E-004 -4.200285248819083E-004  6.489527131134287E-004
  1.385412094128208E-003 -1.221153471055410E-003  3.862481126158653E-004
 -1.453441633413905E-004  3.666038746570928E-005 -2.374128180896907E-004
 -1.459982941979869E-004  6.878171334019833E-004 -8.732668012138542E-004
  2.793712219448133E-005 -2.934852282966203E-004  5.953061585928127E-004
 -3.829017296313434E-004  1.196066119304991E-003 -5.530846003638898E-004
 -1.522194866749838E-005  1.412358406126827E-005  3.325723534532074E-005
 Hessian
  0.471574415597905      -4.495191966271317E-004  1.390930422357684E-002
 -0.239448586625893       2.718258210748193E-002 -4.896462881024298E-004
 -8.796120671098255E-002 -8.553869585031848E-002 -3.785991093536291E-002
 -6.225734068412212E-002  5.739807005162795E-002 -4.076627094472110E-002
 -6.239373580615424E-002  7.354178601491730E-003  5.705182842574907E-002
 -1.951869392824670E-002 -5.947952655189564E-003  8.148983658019629E-003
  5.148157493816516E-006  1.336941533955633E-006  5.711860840391265E-006
 -4.495191966271328E-004  0.590384028420150      -2.052149091917460E-002
 -9.127623807271872E-003 -7.912738150534339E-002  1.810348730234004E-002
 -8.080915717965192E-002 -0.230209115393577      -7.826222540377230E-002
  4.656857217394285E-002 -0.219764829122425       0.117501596691526     
  8.513618941168708E-003 -5.925569718857145E-002 -3.268996919858815E-002
  3.529636894488832E-002 -2.016815902710914E-003 -4.086821187639023E-003
  7.740123550722979E-006 -1.018930752211078E-005 -4.457728469121458E-005
  1.390930422357684E-002 -2.052149091917465E-002  0.582209125789765     
  3.193841964226574E-002  1.257186894801392E-002 -7.576627910062900E-002
 -3.715906728532194E-002 -7.673536362153503E-002 -8.881666380615415E-002
 -3.258843807376555E-002  0.116251455525310      -0.133535912737488     
  5.147189095013110E-002 -3.350794034228934E-002 -0.285839086920984     
 -2.758480700263889E-002  1.961021651361464E-003  1.779336673858203E-003
  1.269754574976872E-005 -1.955124168867013E-005 -3.051989836503846E-005
 -0.239448586625893      -9.127623807271876E-003  3.193841964226576E-002
  0.411121038559915      -0.130951990373258       6.498267811122295E-002
 -3.449503769202289E-002 -4.478182938336160E-006  1.521425965478108E-003
 -2.282838439641729E-002  3.172066522408316E-003  5.284025189857152E-004
 -2.793620147102006E-002  3.155854213229492E-003  5.597449816998469E-003
 -8.641621241223676E-002  0.133755138554279      -0.104568843447203     
  3.384037675827762E-006  1.033073552401823E-006  4.673922518888027E-007
  2.718258210748193E-002 -7.912738150534335E-002  1.257186894801391E-002
 -0.130951990373258       0.358673354104415      -0.255033262189508     
 -2.676451648693828E-002  1.056939717798643E-002  5.258109873590336E-003
  3.300638886695166E-002  1.398685716122685E-003 -3.391684125655918E-003
  6.225969654091422E-003  2.992810725989510E-003 -5.428028755661243E-004
  9.131133396610429E-002 -0.294512279193910       0.241120141106488     
 -9.767734434647762E-006  5.412974736695829E-006  1.762926263814628E-005
 -4.896462881024093E-004  1.810348730234007E-002 -7.576627910062901E-002
  6.498267811122292E-002 -0.255033262189508       0.255026237558911     
 -1.044323358650546E-002  2.539173830701319E-003  5.842291452225772E-003
 -2.244976484967461E-002  4.269049716818945E-004  4.294250348070824E-003
  3.584230564276308E-002 -8.383865527711316E-004  6.007555512619502E-003
 -6.743008420482406E-002  0.234796532701658      -0.195416876732512     
 -1.225482487809153E-005  5.549935900247896E-006  1.282096131379663E-005
 -8.796120671098255E-002 -8.080915717965188E-002 -3.715906728532194E-002
 -3.449503769202288E-002 -2.676451648693827E-002 -1.044323358650547E-002
  0.110902348681474       9.692677081435487E-002  4.152604275819955E-002
  5.169596902783432E-003  6.421170614987365E-003  3.621476972515969E-003
  5.502230350963063E-003  5.725634946696074E-003  1.980248575632822E-003
  8.836341141156997E-004 -1.497919536300086E-003  4.775741003571801E-004
 -1.565646330782017E-006 -1.983173148059913E-006 -3.041534878135387E-006
 -8.553869585031852E-002 -0.230209115393577      -7.673536362153506E-002
 -4.478182938321022E-006  1.056939717798641E-002  2.539173830701279E-003
  9.692677081435487E-002  0.241558376003326       8.516328951497137E-002
 -9.864535698826714E-003 -2.020235731032671E-002 -1.115355275303758E-002
 -1.125774074207599E-003 -2.611825459659000E-003 -4.004226140919634E-004
 -3.955986095675269E-004  9.023655880267589E-004  6.005999655508561E-004
  2.311601503763552E-006 -6.840605776145258E-006 -1.372432255895111E-005
 -3.785991093536294E-002 -7.826222540377231E-002 -8.881666380615422E-002
  1.521425965478107E-003  5.258109873590347E-003  5.842291452225799E-003
  4.152604275819955E-002  8.516328951497137E-002  8.607081339131181E-002
  7.705891188732012E-003  1.572982227114283E-002  7.766706695486458E-003
 -1.200765962759119E-002 -2.740844148740828E-002 -1.044989678041211E-002
 -8.883832919709474E-004 -4.767676107883726E-004 -3.990936954919109E-004
  2.593942515263263E-006 -3.787157735685729E-006 -1.415725696574464E-005
 -6.225734068412210E-002  4.656857217394286E-002 -3.258843807376555E-002
 -2.282838439641727E-002  3.300638886695172E-002 -2.244976484967457E-002
  5.169596902783426E-003 -9.864535698826730E-003  7.705891188732011E-003
  8.429596644322938E-002 -6.416229980578139E-002  4.299882019894225E-002
  3.446128894463692E-003 -6.531551573393033E-003  3.321620672398688E-003
 -7.825651027857105E-003  9.848770672171894E-004  1.019471173230289E-003
 -3.161320800277943E-007 -1.451030110596280E-006 -7.600309863165477E-006
  5.739807005162793E-002 -0.219764829122425       0.116251455525310     
  3.172066522408320E-003  1.398685716122698E-003  4.269049716819077E-004
  6.421170614987352E-003 -2.020235731032672E-002  1.572982227114281E-002
 -6.416229980578139E-002  0.231766946960672      -0.127101564869478     
 -2.257593177971622E-003  5.317203636245119E-003 -4.082957263991058E-003
 -5.683926106171151E-004  1.478952561504155E-003 -1.244793081304409E-003
 -3.021594653513479E-006  5.397558207242440E-006  2.113244663893582E-005
 -4.076627094472110E-002  0.117501596691526      -0.133535912737488     
  5.284025189857129E-004 -3.391684125655929E-003  4.294250348070826E-003
  3.621476972515966E-003 -1.115355275303758E-002  7.766706695486463E-003
  4.299882019894226E-002 -0.127101564869478       0.135918076499778     
 -7.751231709360012E-003  2.529614761945651E-002 -1.547738676285461E-002
  1.367612199682118E-003 -1.147038030008191E-003  1.033926212752817E-003
  1.190763954871833E-006 -3.904532801993130E-006  3.397442553778791E-007
 -6.239373580615424E-002  8.513618941168699E-003  5.147189095013111E-002
 -2.793620147102008E-002  6.225969654091425E-003  3.584230564276307E-002
  5.502230350963074E-003 -1.125774074207598E-003 -1.200765962759120E-002
  3.446128894463692E-003 -2.257593177971620E-003 -7.751231709360019E-003
  7.965600006543037E-002 -1.016234732534069E-002 -6.870057294409047E-002
  1.731996144637150E-003 -1.199463344595481E-003  1.133616882184777E-003
 -6.418178320687349E-006  5.589326854769130E-006  1.165080596340062E-005
  7.354178601491736E-003 -5.925569718857142E-002 -3.350794034228935E-002
  3.155854213229503E-003  2.992810725989504E-003 -8.383865527711566E-004
  5.725634946696064E-003 -2.611825459659004E-003 -2.740844148740828E-002
 -6.531551573393027E-003  5.317203636245111E-003  2.529614761945652E-002
 -1.016234732534068E-002  5.360970496744487E-002  3.748653642300746E-002
  4.540160699467448E-004 -3.466367288766715E-005 -1.004926334047417E-003
  4.215067370060463E-006 -1.753300856109585E-005 -2.298932594813744E-005
  5.705182842574907E-002 -3.268996919858815E-002 -0.285839086920984     
  5.597449816998490E-003 -5.428028755661505E-004  6.007555512619544E-003
  1.980248575632821E-003 -4.004226140919676E-004 -1.044989678041212E-002
  3.321620672398674E-003 -4.082957263991049E-003 -1.547738676285459E-002
 -6.870057294409045E-002  3.748653642300746E-002  0.304905731827182     
  7.397884184528650E-004  2.613986030758017E-004  9.335881456047469E-004
  9.637034861673536E-006 -3.178307384380439E-005 -8.050502115869172E-005
 -1.951869392824669E-002  3.529636894488830E-002 -2.758480700263889E-002
 -8.641621241223675E-002  9.131133396610423E-002 -6.743008420482409E-002
  8.836341141157015E-004 -3.955986095675380E-004 -8.883832919709363E-004
 -7.825651027857108E-003 -5.683926106171116E-004  1.367612199682117E-003
  1.731996144637138E-003  4.540160699467453E-004  7.397884184528761E-004
  0.111146495446907      -0.126098625005791       9.379260255793541E-002
 -1.568337320311259E-006  8.972450356506741E-007  3.271323363772709E-006
 -5.947952655189557E-003 -2.016815902710947E-003  1.961021651361452E-003
  0.133755138554279      -0.294512279193909       0.234796532701658     
 -1.497919536300086E-003  9.023655880267362E-004 -4.767676107883530E-004
  9.848770672171861E-004  1.478952561504156E-003 -1.147038030008195E-003
 -1.199463344595468E-003 -3.466367288766385E-005  2.613986030758062E-004
 -0.126098625005791       0.294187112095307      -0.235387709530195     
  3.944920381680421E-006 -4.671475326934655E-006 -7.437785104630953E-006
  8.148983658019632E-003 -4.086821187639034E-003  1.779336673858221E-003
 -0.104568843447203       0.241120141106488      -0.195416876732512     
  4.775741003571736E-004  6.005999655508430E-004 -3.990936954919170E-004
  1.019471173230286E-003 -1.244793081304408E-003  1.033926212752807E-003
  1.133616882184795E-003 -1.004926334047432E-003  9.335881456047408E-004
  9.379260255793540E-002 -0.235387709530195       0.192065064076869     
 -3.404924525319856E-006  3.509061144067848E-006  4.055318919564224E-006
  5.148157493818646E-006  7.740123550743828E-006  1.269754574975464E-005
  3.384037675826047E-006 -9.767734434632727E-006 -1.225482487807230E-005
 -1.565646330785992E-006  2.311601503770490E-006  2.593942515258500E-006
 -3.161320800268601E-007 -3.021594653517605E-006  1.190763954876498E-006
 -6.418178320697034E-006  4.215067370066578E-006  9.637034861679693E-006
 -1.568337320313886E-006  3.944920381687708E-006 -3.404924525324638E-006
  1.336098882179191E-006 -5.422383718118099E-006 -1.045953767817251E-005
  1.336941533955451E-006 -1.018930752211279E-005 -1.955124168867430E-005
  1.033073552399782E-006  5.412974736693423E-006  5.549935900254916E-006
 -1.983173148060932E-006 -6.840605776138520E-006 -3.787157735685395E-006
 -1.451030110599170E-006  5.397558207241788E-006 -3.904532801998559E-006
  5.589326854770112E-006 -1.753300856109301E-005 -3.178307384380668E-005
  8.972450356533171E-007 -4.671475326934540E-006  3.509061144062060E-006
 -5.422383718118854E-006  2.842386424234302E-005  4.996700902584834E-005
  5.711860840392532E-006 -4.457728469121339E-005 -3.051989836503880E-005
  4.673922518978312E-007  1.762926263814431E-005  1.282096131379220E-005
 -3.041534878135492E-006 -1.372432255895783E-005 -1.415725696574767E-005
 -7.600309863158047E-006  2.113244663894363E-005  3.397442553705005E-007
  1.165080596340671E-005 -2.298932594813741E-005 -8.050502115868935E-005
  3.271323363769776E-006 -7.437785104631359E-006  4.055318919580465E-006
 -1.045953767817408E-005  4.996700902585068E-005  1.079661520007336E-004
 Masses in au
   21874.6618111745        29156.9463602902        1837.15258665392     
   1837.15258665392        1837.15258665392        1837.15258665392     
   1837.15258665392     
