 Coordinates, Gradient and Hessian of a Structure written by dl-find
           7           1           1
  0.000000000000000E+000
 Energy
  -116.109248782880     
 Coordinates
  -8.03402796787903        1.07177548474985      -1.145930248752660E-002
  -5.36724305471594       0.883143536116248      -0.254722682045212     
  -8.97153081427982      -0.688506981009343      -0.532907454453902     
  -8.66518098876017        2.55314393258090       -1.29192089316948     
  -8.58848208575028        1.59317790533097        1.90957862005583     
  -4.80652732754515      -0.435214444103076       0.854550459916006     
  -9.20043510578482        3.16080028110062        6.14672147730667     
 Gradient
 -1.819146484970393E-005 -1.176019863028200E-003 -6.276960650139847E-004
  5.468822097261893E-004  5.370726515705715E-005 -1.153180255563126E-004
  1.016988413857336E-003  1.020893430724011E-003  2.938052087022798E-004
 -1.289134625780420E-003  4.603993792735656E-004 -3.892116353949542E-005
  2.688060154238175E-004  3.097048703028929E-004  4.524241406015067E-004
 -5.631060451576839E-004 -5.096232365076475E-004  4.778203465617542E-004
  3.775549678047007E-005 -1.590618459216628E-004 -4.421144417557602E-004
 Hessian
  0.475938539110706       7.390816384399053E-004  1.634460331236694E-002
 -0.241144340941419       3.000978855838365E-002  1.012069675344039E-003
 -8.997971977669937E-002 -9.301719389705088E-002 -2.796474588925197E-002
 -6.488043274328660E-002  5.481594046681868E-002 -4.923122098946930E-002
 -6.002317160043631E-002  1.286990486284714E-002  5.170270962482530E-002
 -1.994489577373443E-002 -5.472074535909309E-003  7.988178233274933E-003
  3.402172487031393E-005  5.455290647220478E-005  1.484060329088515E-004
  7.390816384399021E-004  0.593752439847252      -2.005931768969367E-002
 -6.609870254309000E-003 -7.907018913055525E-002  1.772143465636915E-002
 -8.768562503231540E-002 -0.249651705681141      -5.934515667695053E-002
  4.508639546018195E-002 -0.192380481666471       0.123999005877538     
  1.332616414797060E-002 -7.045309007168243E-002 -5.855134706887169E-002
  3.510606731655967E-002 -2.214038812644215E-003 -3.561046072753388E-003
  3.778672347159926E-005  1.706551524076441E-005 -2.035730256362925E-004
  1.634460331236695E-002 -2.005931768969370E-002  0.581840913090687     
  3.372505568023928E-002  1.220702331574047E-002 -7.658060889082308E-002
 -2.771547979576400E-002 -5.758770013748186E-002 -7.133674034791548E-002
 -4.007709490286231E-002  0.122301416670391      -0.159380834857237     
  4.640511378514713E-002 -5.927758664729654E-002 -0.275855895340384     
 -2.879842630260564E-002  2.617015791216527E-003  1.779177145607432E-003
  1.162282234753705E-004 -2.008513028836104E-004 -4.660107999289970E-004
 -0.241144340941419      -6.609870254309008E-003  3.372505568023928E-002
  0.407376690399629      -0.126687958542091       5.851979141425080E-002
 -3.514875764060287E-002  8.431508062029056E-004  2.074291324635094E-003
 -2.177540717251422E-002  3.258197792738142E-003  7.910629586806715E-004
 -2.785660008837968E-002  4.057763346548619E-003  6.239553830944223E-003
 -8.149212792320348E-002  0.125171819680060      -0.101274988070480     
  4.054336648992393E-005 -3.310282914786068E-005 -7.476713827073487E-005
  3.000978855838366E-002 -7.907018913055532E-002  1.220702331574046E-002
 -0.126687958542091       0.347449331413757      -0.254370544123418     
 -2.799867105966419E-002  1.117098154642687E-002  5.042526104643841E-003
  3.077740704772588E-002  6.614869835913626E-004 -3.830145398739035E-003
  1.069801880878161E-002  3.134581361114017E-003 -4.570796043920573E-004
  8.323849146937522E-002 -0.283362041340092       0.241337017115758     
 -3.707628251282608E-005  1.584916575442517E-005  7.120259040807048E-005
  1.012069675344023E-003  1.772143465636918E-002 -7.658060889082306E-002
  5.851979141425084E-002 -0.254370544123418       0.266698846663494     
 -6.897483498169294E-003  1.815873594093522E-003  4.929405900755254E-003
 -2.474376968939702E-002  5.152153809133140E-004  5.291187833869283E-003
  3.549230073720345E-002 -6.644356470638693E-004  5.757859433625628E-003
 -6.332326457852787E-002  0.234950395183332      -0.206175358957582     
 -5.964406070286033E-005  3.206095577770613E-005  7.866801666029485E-005
 -8.997971977669937E-002 -8.768562503231538E-002 -2.771547979576399E-002
 -3.514875764060286E-002 -2.799867105966418E-002 -6.897483498169293E-003
  0.113241283312310       0.104465079114856       2.992092375932645E-002
  5.369584362039811E-003  7.191113912880281E-003  2.910176040268069E-003
  5.312473763700352E-003  5.491352356502066E-003  1.065362886727384E-003
  1.212098164072338E-003 -1.448333701890433E-003  7.401830566858520E-004
 -6.962184820330915E-006 -1.491559036814472E-005 -2.368244907449926E-005
 -9.301719389705088E-002 -0.249651705681142      -5.758770013748182E-002
  8.431508062028868E-004  1.117098154642685E-002  1.815873594093531E-003
  0.104465079114856       0.262361396710754       6.407884928407775E-002
 -9.129981716058926E-003 -1.907547933610597E-002 -7.872779139512658E-003
 -2.576962571952863E-003 -5.961226901273262E-003 -7.908517440516006E-004
 -5.908864326701737E-004  1.180145425572290E-003  4.176479449070066E-004
  6.794696674174527E-006 -2.411176423271823E-005 -6.103980203219075E-005
 -2.796474588925197E-002 -5.934515667695053E-002 -7.133674034791546E-002
  2.074291324635089E-003  5.042526104643823E-003  4.929405900755265E-003
  2.992092375932645E-002  6.407884928407777E-002  6.687317266004753E-002
  9.050063585425764E-003  1.880363307387664E-002  6.638090834249688E-003
 -1.214357662733703E-002 -2.809754386317805E-002 -6.837362260068154E-003
 -9.418889671660912E-004 -5.009709688842092E-004 -2.625212681026152E-004
  4.932814367698068E-006  1.866304641431682E-005 -4.045518966101176E-006
 -6.488043274328663E-002  4.508639546018194E-002 -4.007709490286232E-002
 -2.177540717251421E-002  3.077740704772588E-002 -2.474376968939699E-002
  5.369584362039818E-003 -9.129981716058949E-003  9.050063585425774E-003
  8.569063707573170E-002 -6.180402208525947E-002  5.160836362383765E-002
  3.468763840239777E-003 -5.567874507024899E-003  3.663034470777585E-003
 -7.868951061302863E-003  6.389747709981151E-004  5.214249915520730E-004
 -4.194300907586958E-006 -8.989705625067795E-007 -2.202207933385689E-005
  5.481594046681868E-002 -0.192380481666471       0.122301416670391     
  3.258197792738151E-003  6.614869835913355E-004  5.152153809132906E-004
  7.191113912880276E-003 -1.907547933610597E-002  1.880363307387667E-002
 -6.180402208525945E-002  0.201950708847319      -0.133955663278626     
 -3.090089183765977E-003  7.368521361663785E-003 -6.622628188416088E-003
 -3.667366982429887E-004  1.465118353493250E-003 -1.107944643987374E-003
 -4.404205168750526E-006  1.012545651014247E-005  6.597098584848346E-005
 -4.923122098946928E-002  0.123999005877538      -0.159380834857237     
  7.910629586806677E-004 -3.830145398739034E-003  5.291187833869308E-003
  2.910176040268066E-003 -7.872779139512655E-003  6.638090834249679E-003
  5.160836362383764E-002 -0.133955663278626       0.164493449687845     
 -7.688463329972226E-003  2.299186942946242E-002 -1.810335832480254E-002
  1.603581765039577E-003 -1.309141950631080E-003  1.072366450368753E-003
  6.499931615301940E-006 -2.314553949234367E-005 -1.090162429298702E-005
 -6.002317160043631E-002  1.332616414797059E-002  4.640511378514711E-002
 -2.785660008837966E-002  1.069801880878160E-002  3.549230073720347E-002
  5.312473763700351E-003 -2.576962571952860E-003 -1.214357662733703E-002
  3.468763840239795E-003 -3.090089183765984E-003 -7.688463329972222E-003
  7.765240353618354E-002 -1.736756795494864E-002 -6.334604096949979E-002
  1.405134109146128E-003 -1.022318669559582E-003  1.192452136430580E-003
  4.099643954539791E-005  3.275542347304609E-005  8.821426802940856E-005
  1.286990486284714E-002 -7.045309007168246E-002 -5.927758664729655E-002
  4.057763346548626E-003  3.134581361114030E-003 -6.644356470638690E-004
  5.491352356502063E-003 -5.961226901273251E-003 -2.809754386317805E-002
 -5.567874507024903E-003  7.368521361663781E-003  2.299186942946240E-002
 -1.736756795494863E-002  6.619534099645248E-002  6.622216545636819E-002
  4.862126906852133E-004 -2.425101053722671E-004 -9.548723068223316E-004
  3.020920539127830E-005 -4.161664090043255E-005 -2.195964214714089E-004
  5.170270962482530E-002 -5.855134706887167E-002 -0.275855895340384     
  6.239553830944194E-003 -4.570796043920484E-004  5.757859433625659E-003
  1.065362886727378E-003 -7.908517440516090E-004 -6.837362260068153E-003
  3.663034470777574E-003 -6.622628188416095E-003 -1.810335832480257E-002
 -6.334604096949978E-002  6.622216545636821E-002  0.294864635125719     
  5.972371063046440E-004  4.230865180410872E-004  7.559693831682670E-004
  7.814304992413118E-005 -2.233453686694032E-004 -5.818480172653884E-004
 -1.994489577373443E-002  3.510606731655969E-002 -2.879842630260567E-002
 -8.149212792320348E-002  8.323849146937520E-002 -6.332326457852787E-002
  1.212098164072324E-003 -5.908864326701793E-004 -9.418889671660948E-004
 -7.868951061302861E-003 -3.667366982429963E-004  1.603581765039585E-003
  1.405134109146126E-003  4.862126906852076E-004  5.972371063046442E-004
  0.106695512923427      -0.117882169272382       9.084323053055490E-002
 -6.770438404906495E-006  9.020926673001869E-006  1.953044640100000E-005
 -5.472074535909313E-003 -2.214038812644204E-003  2.617015791216563E-003
  0.125171819680060      -0.283362041340092       0.234950395183332     
 -1.448333701890424E-003  1.180145425572286E-003 -5.009709688842088E-004
  6.389747709980957E-004  1.465118353493247E-003 -1.309141950631083E-003
 -1.022318669559565E-003 -2.425101053722634E-004  4.230865180410890E-004
 -0.117882169272382       0.283191884298511      -0.236142072234543     
  1.410172868426577E-005 -1.855781946400934E-005 -3.831233853237909E-005
  7.988178233274938E-003 -3.561046072753374E-003  1.779177145607435E-003
 -0.101274988070480       0.241337017115758      -0.206175358957582     
  7.401830566858621E-004  4.176479449070222E-004 -2.625212681026203E-004
  5.214249915520499E-004 -1.107944643987374E-003  1.072366450368754E-003
  1.192452136430613E-003 -9.548723068223288E-004  7.559693831682881E-004
  9.084323053055493E-002 -0.236142072234543       0.202818612483858     
 -1.048087801946781E-005  1.127019743765724E-005  1.175476268365968E-005
  3.402172487030505E-005  3.778672347160564E-005  1.162282234753905E-004
  4.054336648992913E-005 -3.707628251282299E-005 -5.964406070290254E-005
 -6.962184820335016E-006  6.794696674172962E-006  4.932814367700847E-006
 -4.194300907595710E-006 -4.404205168749028E-006  6.499931615298383E-006
  4.099643954539548E-005  3.020920539127420E-005  7.814304992412611E-005
 -6.770438404912556E-006  1.410172868426018E-005 -1.048087801945013E-005
 -9.763460677278446E-005 -4.741186653973490E-005 -1.356790806601665E-004
  5.455290647220523E-005  1.706551524076908E-005 -2.008513028836022E-004
 -3.310282914786848E-005  1.584916575443095E-005  3.206095577770844E-005
 -1.491559036814211E-005 -2.411176423272108E-005  1.866304641431924E-005
 -8.989705625063443E-007  1.012545651014851E-005 -2.314553949234512E-005
  3.275542347304441E-005 -4.161664090043800E-005 -2.233453686694044E-004
  9.020926672999069E-006 -1.855781946401052E-005  1.127019743766526E-005
 -4.741186653973580E-005  4.124608709180486E-005  3.853480114156681E-004
  1.484060329088510E-004 -2.035730256362663E-004 -4.660107999289464E-004
 -7.476713827074910E-005  7.120259040807020E-005  7.866801666030442E-005
 -2.368244907449481E-005 -6.103980203219525E-005 -4.045518966110627E-006
 -2.202207933386588E-005  6.597098584847334E-005 -1.090162429299632E-005
  8.821426802941192E-005 -2.195964214714174E-004 -5.818480172653518E-004
  1.953044640100295E-005 -3.831233853237699E-005  1.175476268366252E-005
 -1.356790806601657E-004  3.853480114156693E-004  9.723831811094624E-004
 Masses in au
   21874.6618111745        29156.9463602902        1837.15258665392     
   1837.15258665392        1837.15258665392        1837.15258665392     
   1837.15258665392     
