 Coordinates, Gradient and Hessian of a Structure written by dl-find
           7           1           1
  0.000000000000000E+000
 Energy
  -116.108126199128     
 Coordinates
  -8.04677133963441        1.09407936164126       6.197547565648440E-003
  -5.38262354003025       0.886581704807839      -0.230529834380954     
  -9.00625378583116      -0.686491020604710      -0.403011989975529     
  -8.65828329746569        2.50482513357627       -1.35650249086761     
  -8.59249265264825        1.72801330428042        1.89257410364690     
  -4.80762884921731      -0.383454641816862       0.926305837974156     
  -8.77166481857698        2.70037234796232        5.43246319105367     
 Gradient
 -8.013351054491462E-004 -2.111659248330673E-004  6.015078106182971E-004
 -6.488031989019451E-005  4.831695276962856E-004  2.959174812897353E-004
  2.367159907661648E-005  6.890694652333792E-004  6.437653732343969E-004
 -2.929689810558746E-005  2.995879873471784E-005  4.346122782896342E-004
  6.332747493430199E-004 -2.826905202851422E-005  3.906820455035758E-004
  1.507733848674718E-004 -2.702818473975671E-004  1.130518969950085E-004
  8.779259015786587E-005 -6.924809674053864E-004 -2.479536885930585E-003
 Hessian
  0.475300995224313       2.358413645340854E-003  1.540235730185499E-002
 -0.241812607983885       3.097580729266489E-002  2.650166031053086E-004
 -9.217985620511612E-002 -9.514902589454170E-002 -2.266226523464909E-002
 -6.319405796427269E-002  5.109088809517742E-002 -5.178886064825527E-002
 -5.900783105897349E-002  1.558148113860834E-002  4.938587203473413E-002
 -1.929838026379986E-002 -5.249632421721632E-003  8.096337404878575E-003
  1.917382517348418E-004  3.920681444692849E-004  1.301542538332558E-003
  2.358413645340856E-003  0.590828980408718      -2.295713595065850E-002
 -3.856914711392208E-003 -7.796096115579532E-002  1.798671574238380E-002
 -8.997754056809730E-002 -0.252634546003530      -4.710408780274680E-002
  4.181092977316675E-002 -0.180342537353732       0.127282485700797     
  1.594855319539793E-002 -7.765475699165167E-002 -7.026525259359316E-002
  3.359192017991441E-002 -2.297448666120890E-003 -3.728969396357769E-003
  1.246384856679083E-004  6.126976211631210E-005 -1.213755699826598E-003
  1.540235730185499E-002 -2.295713595065853E-002  0.585553788955431     
  3.359914679292030E-002  1.258077139429222E-002 -7.734410641308867E-002
 -2.253554779862070E-002 -4.527279216447862E-002 -6.440605672014243E-002
 -4.181432534268721E-002  0.125403565627578      -0.174674584855363     
  4.489521194933310E-002 -7.094023145575915E-002 -0.267197084226536     
 -2.996452750433925E-002  2.383032379309652E-003  1.781133827960200E-003
  4.176846015321458E-004 -1.197209830269651E-003 -3.713090568267562E-003
 -0.241812607983885      -3.856914711392202E-003  3.359914679292027E-002
  0.410618543638122      -0.129020904538537       6.518618089654145E-002
 -3.449661063486964E-002  1.217540423345655E-003  2.242584896150439E-003
 -2.252359430541539E-002  3.676122987330901E-003  7.474346024402289E-004
 -2.808943296986266E-002  4.779061283399103E-003  6.959694043125927E-003
 -8.388677540526049E-002  0.123478513160281      -0.107948059090523     
  1.904776611725387E-004 -2.734186044285359E-004 -7.869821406535752E-004
  3.097580729266489E-002 -7.796096115579526E-002  1.258077139429222E-002
 -0.129020904538537       0.326602740114455      -0.256516373492446     
 -2.794159910138810E-002  1.176347812869848E-002  4.679500022726582E-003
  2.986690209264591E-002  9.816690033418013E-005 -3.529191858532587E-003
  1.290458858858625E-002  2.957821896625035E-003 -6.278116210662987E-004
  8.332126668475290E-002 -0.263530575397421       0.243071531360959     
 -1.060610187269664E-004  6.932951310490707E-005  3.415741940652992E-004
  2.650166031052791E-004  1.798671574238382E-002 -7.734410641308859E-002
  6.518618089654145E-002 -0.256516373492446       0.285686957412125     
 -5.138352883320274E-003  1.416292395370398E-003  4.341268194777367E-003
 -2.646428021759600E-002  1.150538271534355E-003  5.482176685613678E-003
  3.505328041374470E-002 -9.076602247579507E-004  5.463303769032192E-003
 -6.872156301629008E-002  0.236735918574286      -0.224048724317666     
 -1.802817961831222E-004  1.345687336283852E-004  4.191246692078951E-004
 -9.217985620511610E-002 -8.997754056809736E-002 -2.253554779862071E-002
 -3.449661063486967E-002 -2.794159910138812E-002 -5.138352883320285E-003
  0.114732061246971       0.106915986280766       2.369949866223631E-002
  5.367825240386484E-003  7.170994433996433E-003  2.487948978339648E-003
  5.324324554364675E-003  5.289032666543850E-003  7.940565558966372E-004
  1.279641410282224E-003 -1.404240582881424E-003  8.113143462500549E-004
 -2.738561201828054E-005 -5.263312893908648E-005 -1.189178607816562E-004
 -9.514902589454165E-002 -0.252634546003530      -4.527279216447862E-002
  1.217540423345636E-003  1.176347812869850E-002  1.416292395370383E-003
  0.106915986280766       0.265699888234103       5.094818214831232E-002
 -8.766120616813604E-003 -1.808939123312879E-002 -6.565979719283971E-003
 -3.552556079038414E-003 -7.921955113163789E-003 -7.327851903576317E-004
 -6.701792436165441E-004  1.222184751658458E-003  3.676986052581252E-004
  4.355129898988350E-006 -3.965876463697154E-005 -1.606160748206423E-004
 -2.266226523464907E-002 -4.710408780274678E-002 -6.440605672014238E-002
  2.242584896150444E-003  4.679500022726580E-003  4.341268194777352E-003
  2.369949866223631E-002  5.094818214831232E-002  5.955217655642043E-002
  9.751979733629217E-003  2.001209980434726E-002  5.930407044609782E-003
 -1.211788917800912E-002 -2.813680078411677E-002 -5.441190558972965E-003
 -9.165119828325311E-004 -5.598705920151681E-004 -2.358148837030655E-004
  2.603103474630680E-006  1.609772034928525E-004  2.592103670106629E-004
 -6.319405796427269E-002  4.181092977316673E-002 -4.181432534268721E-002
 -2.252359430541541E-002  2.986690209264591E-002 -2.646428021759604E-002
  5.367825240386499E-003 -8.766120616813623E-003  9.751979733629212E-003
  8.484997944766477E-002 -5.825542624997239E-002  5.430752598689218E-002
  3.379807786949866E-003 -5.284789798726563E-003  3.901475094970327E-003
 -7.857948442308039E-003  6.236337033128827E-004  3.865674668813565E-004
 -2.201176300489918E-005  4.871096386839118E-006 -6.894272208972917E-005
  5.109088809517741E-002 -0.180342537353732       0.125403565627578     
  3.676122987330888E-003  9.816690033418291E-005  1.150538271534366E-003
  7.170994433996438E-003 -1.808939123312879E-002  2.001209980434726E-002
 -5.825542624997238E-002  0.188619666678488      -0.137382233319843     
 -3.499317184611057E-003  8.270666054983724E-003 -8.370198792136661E-003
 -1.817298368577955E-004  1.409825724921339E-003 -1.066862481858447E-003
 -1.532245063728232E-006  3.360322813417066E-005  2.530908903777560E-004
 -5.178886064825527E-002  0.127282485700797      -0.174674584855363     
  7.474346024402350E-004 -3.529191858532583E-003  5.482176685613673E-003
  2.487948978339647E-003 -6.565979719283970E-003  5.930407044609782E-003
  5.430752598689219E-002 -0.137382233319843       0.180964393030631     
 -7.367114800098638E-003  2.153936403520854E-002 -1.894931667906094E-002
  1.603566780729679E-003 -1.292597820743620E-003  1.188227764746198E-003
  9.499099951685075E-006 -5.184701760189921E-005  5.869700882228532E-005
 -5.900783105897349E-002  1.594855319539793E-002  4.489521194933311E-002
 -2.808943296986265E-002  1.290458858858626E-002  3.505328041374468E-002
  5.324324554364672E-003 -3.552556079038417E-003 -1.211788917800912E-002
  3.379807786949881E-003 -3.499317184611060E-003 -7.367114800098639E-003
  7.668770403970639E-002 -2.082860076387132E-002 -6.155797260383890E-002
  1.354829494359540E-003 -9.281266721646794E-004  1.252796272705369E-003
  3.505981534541098E-004 -4.454108429541703E-005 -1.583120538381158E-004
  1.558148113860834E-002 -7.765475699165167E-002 -7.094023145575912E-002
  4.779061283399103E-003  2.957821896625059E-003 -9.076602247579264E-004
  5.289032666543844E-003 -7.921955113163799E-003 -2.813680078411678E-002
 -5.284789798726563E-003  8.270666054983694E-003  2.153936403520855E-002
 -2.082860076387131E-002  7.437321487369397E-002  7.967050931430393E-002
  4.546758940310267E-004 -2.388778521009597E-004 -9.419628220355326E-004
  9.139580017542718E-006  2.138871316094021E-004 -2.832180628409690E-004
  4.938587203473412E-002 -7.026525259359317E-002 -0.267197084226536     
  6.959694043125931E-003 -6.278116210663142E-004  5.463303769032184E-003
  7.940565558966391E-004 -7.327851903576327E-004 -5.441190558972971E-003
  3.901475094970326E-003 -8.370198792136671E-003 -1.894931667906094E-002
 -6.155797260383891E-002  7.967050931430393E-002  0.286305709020929     
  4.614916921132466E-004  6.544556163575393E-004  6.801095775184882E-004
  5.538318300577284E-005 -3.289167335230967E-004 -8.615309029013385E-004
 -1.929838026379985E-002  3.359192017991439E-002 -2.996452750433923E-002
 -8.388677540526053E-002  8.332126668475291E-002 -6.872156301629005E-002
  1.279641410282223E-003 -6.701792436165533E-004 -9.165119828325323E-004
 -7.857948442308057E-003 -1.817298368577862E-004  1.603566780729682E-003
  1.354829494359563E-003  4.546758940310334E-004  4.614916921132251E-004
  0.108432261196188      -0.116554627573165       9.744320137670259E-002
 -2.362798946193919E-005  3.867389494134758E-005  9.434265391535697E-005
 -5.249632421721643E-003 -2.297448666120908E-003  2.383032379309663E-003
  0.123478513160281      -0.263530575397420       0.236735918574286     
 -1.404240582881442E-003  1.222184751658450E-003 -5.598705920151756E-004
  6.236337033129108E-004  1.409825724921309E-003 -1.292597820743616E-003
 -9.281266721646565E-004 -2.388778521009494E-004  6.544556163575285E-004
 -0.116554627573165       0.263504395395578      -0.237750058691693     
  3.448038634070676E-005 -6.950395651734333E-005 -1.708794654982537E-004
  8.096337404878577E-003 -3.728969396357763E-003  1.781133827960201E-003
 -0.107948059090524       0.243071531360959      -0.224048724317665     
  8.113143462500478E-004  3.676986052581276E-004 -2.358148837030738E-004
  3.865674668813855E-004 -1.066862481858439E-003  1.188227764746183E-003
  1.252796272705370E-003 -9.419628220355380E-004  6.801095775184964E-004
  9.744320137670257E-002 -0.237750058691694       0.220569746946662     
 -4.215777689623819E-005  4.862342572972332E-005  6.532108447976363E-005
  1.917382517348352E-004  1.246384856679130E-004  4.176846015321813E-004
  1.904776611725342E-004 -1.060610187269680E-004 -1.802817961831265E-004
 -2.738561201827706E-005  4.355129898985062E-006  2.603103474641651E-006
 -2.201176300489500E-005 -1.532245063718231E-006  9.499099951685758E-006
  3.505981534541144E-004  9.139580017537866E-006  5.538318300578154E-005
 -2.362798946194212E-005  3.448038634069107E-005 -4.215777689625267E-005
 -6.597887018763603E-004 -6.502031813445801E-005 -2.627304148849032E-004
  3.920681444692824E-004  6.126976211630797E-005 -1.197209830269655E-003
 -2.734186044285355E-004  6.932951310490905E-005  1.345687336283727E-004
 -5.263312893908492E-005 -3.965876463696778E-005  1.609772034928616E-004
  4.871096386839131E-006  3.360322813417608E-005 -5.184701760191090E-005
 -4.454108429541826E-005  2.138871316094028E-004 -3.289167335230919E-004
  3.867389494134755E-005 -6.950395651734256E-005  4.862342572972611E-005
 -6.502031813445798E-005 -2.689269138104073E-004  1.233804218543661E-003
  1.301542538332554E-003 -1.213755699826604E-003 -3.713090568267584E-003
 -7.869821406535808E-004  3.415741940653042E-004  4.191246692079035E-004
 -1.189178607816631E-004 -1.606160748206434E-004  2.592103670106592E-004
 -6.894272208972603E-005  2.530908903777526E-004  5.869700882228022E-005
 -1.583120538381276E-004 -2.832180628409774E-004 -8.615309029012950E-004
  9.434265391535971E-005 -1.708794654982411E-004  6.532108447976844E-005
 -2.627304148848931E-004  1.233804218543660E-003  3.772268341648160E-003
 Masses in au
   21874.6618111745        29156.9463602902        1837.15258665392     
   1837.15258665392        1837.15258665392        1837.15258665392     
   1837.15258665392     
