 Coordinates, Gradient and Hessian of a Structure written by dl-find
           7           1           1
  0.000000000000000E+000
 Energy
  -116.109046654513     
 Coordinates
  -8.10570605611664       0.982546371152219      -0.271913525503165     
  -5.41940612467215       0.929685047193845      -0.103291892509475     
  -8.87118084824010      -0.760083968870457       -1.07323548757008     
  -8.57657321728950        2.54122750521347       -1.53117370582920     
  -8.97895195986009        1.33996624872590        1.57538839646601     
  -4.93438415489893      -0.156181184422469        1.28746283899759     
  -7.18974004655455        3.54226145026015        7.52544715373716     
 Gradient
 -1.784476637918087E-003 -2.523065195369373E-003 -2.826802307218143E-003
 -1.201796498730433E-003  5.347212759804793E-003 -6.960026897165561E-003
 -6.392109349611429E-004  6.269903073101122E-004 -9.797174319782370E-004
  2.425586806284684E-004  7.775090467100614E-004 -6.709476770910929E-004
 -6.348749321012945E-004  8.079241387274012E-004  3.293760789272213E-003
  4.016510470300002E-003 -5.072876887986030E-003  8.048551184374423E-003
  1.289852782446803E-006  3.630583080316554E-005  9.518233980641036E-005
 Hessian
  0.463000525178535       3.268663591778037E-003  1.299065020055754E-003
 -0.236483098746764       1.524622556123132E-002 -2.869240042992773E-002
 -7.317687206067540E-002 -7.069414507300888E-002 -3.115532683239374E-002
 -5.436138844058323E-002  4.226018601156868E-002 -3.331393552279501E-002
 -8.320374731337982E-002  1.498050157550936E-002  8.456364127332471E-002
 -1.577670015092472E-002 -5.065941709619480E-003  7.292795002237122E-003
  1.281533792517893E-006  4.510042543692476E-006  6.161489496889573E-006
  3.268663591778042E-003  0.585373484062317      -1.830279719042765E-002
 -1.295421044548949E-002 -7.128055922809987E-002  1.633975586961526E-002
 -6.652894706691088E-002 -0.242000236550114      -8.503269677097021E-002
  3.232334485759115E-002 -0.207662738134727       0.124485155000626     
  1.582881332792127E-002 -6.222685739775206E-002 -3.756341181453746E-002
  2.806524129258918E-002 -2.200703600946099E-003  7.712150850145599E-005
 -2.905557479582488E-006 -2.389150678761111E-006 -3.126602806061815E-006
  1.299065020055760E-003 -1.830279719042767E-002  0.583621203597563     
  1.052747066315239E-002  1.579699765202630E-002 -8.062005053051297E-002
 -3.048637255796128E-002 -8.417883236477043E-002 -9.276191821557628E-002
 -2.464305004362561E-002  0.125329089817683      -0.152415929548413     
  7.824964187991175E-002 -3.871554771873838E-002 -0.256362045914456     
 -3.494222532000382E-002  7.579354159561423E-005 -1.449947879342287E-003
 -4.529641531184320E-006 -4.703737376664193E-006 -1.131150925696893E-005
 -0.236483098746764      -1.295421044548950E-002  1.052747066315243E-002
  0.393506945356180      -6.807237008953668E-002  0.102260962971574     
 -3.061234698910612E-002 -2.148177833819713E-003 -4.001636776028737E-003
 -2.079421798829065E-002  2.237237774328409E-003 -3.627151994374347E-003
 -3.326122328276502E-002  2.259251046812215E-003 -9.244653917732023E-004
 -7.235362262133881E-002  7.868502963871728E-002 -0.104225885135696     
 -2.435727915288816E-006 -6.760091011998653E-006 -9.294336854517115E-006
  1.524622556123131E-002 -7.128055922809982E-002  1.579699765202627E-002
 -6.807237008953670E-002  0.234280089973801      -0.241988929705180     
 -2.812395499296732E-002  1.030060508998002E-002  9.121213036593134E-004
  2.960933067662398E-002  3.286249546832500E-003  1.357444559219795E-003
  6.392124909841224E-003  2.780276358366492E-003  7.532175265071346E-004
  4.495150929591692E-002 -0.179370705692846       0.223146832475034     
 -2.865361111117312E-006  4.043951964680168E-006  2.231618873613892E-005
 -2.869240042992771E-002  1.633975586961529E-002 -8.062005053051319E-002
  0.102260962971574      -0.241988929705180       0.359684511814312     
 -1.467303042853635E-002  1.848144899780752E-003  3.669775927303666E-003
 -2.857318829891672E-002  1.595130247172418E-004 -1.387824357536539E-004
  2.964261611149521E-002  7.910122679286473E-004  1.043661599270587E-002
 -5.996332120185890E-002  0.222850210762354      -0.293043982801725     
 -1.638723826788032E-006  2.928807851372252E-007  1.191203366649185E-005
 -7.317687206067539E-002 -6.652894706691086E-002 -3.048637255796124E-002
 -3.061234698910612E-002 -2.812395499296730E-002 -1.467303042853636E-002
  9.342803480742458E-002  8.131214336323243E-002  3.763307405651536E-002
  3.798206404972424E-003  4.637063691668488E-003  2.976538558790788E-003
  6.307201441415470E-003  1.027703141620116E-002  4.100714258655832E-003
  2.564251424463640E-004 -1.573208443427675E-003  4.482373797610319E-004
 -6.487464773508254E-007 -1.279677962036606E-007  8.387327744872705E-007
 -7.069414507300885E-002 -0.242000236550114      -8.417883236477039E-002
 -2.148177833819713E-003  1.030060508998001E-002  1.848144899780752E-003
  8.131214336323242E-002  0.254944955314907       9.343890725519263E-002
 -7.096613775770552E-003 -2.045405666996517E-002 -1.113242345939167E-002
 -1.077190119280160E-003 -3.303868887026848E-003 -5.418924916604566E-004
 -2.949895125526506E-004  5.144942158629707E-004  5.708422170143649E-004
 -1.027048800516433E-006 -1.892513644527174E-006 -4.746056165271883E-006
 -3.115532683239376E-002 -8.503269677097020E-002 -9.276191821557628E-002
 -4.001636776028738E-003  9.121213036592952E-004  3.669775927303639E-003
  3.763307405651536E-002  9.343890725519263E-002  9.066915300027453E-002
  6.694030714008530E-003  1.801311930892545E-002  9.115888408014354E-003
 -8.603078268519545E-003 -2.642215480071485E-002 -1.015447762954256E-002
 -5.670515231147990E-004 -9.094719432973362E-004 -5.390800049237030E-004
 -1.137046714167523E-008  1.756472046023964E-007  6.585144502325408E-007
 -5.436138844058325E-002  3.232334485759118E-002 -2.464305004362561E-002
 -2.079421798829065E-002  2.960933067662399E-002 -2.857318829891672E-002
  3.798206404972432E-003 -7.096613775770551E-003  6.694030714008523E-003
  7.519285055163431E-002 -4.650676158174294E-002  3.940956765330718E-002
  3.925627317861050E-003 -1.006002732054325E-002  6.809069520254622E-003
 -7.760137385848336E-003  1.730425393938474E-003  3.037281735049649E-004
 -9.404597455640274E-007  3.017499034005368E-007 -1.577185331239347E-007
  4.226018601156868E-002 -0.207662738134727       0.125329089817683     
  2.237237774328405E-003  3.286249546832479E-003  1.595130247172375E-004
  4.637063691668501E-003 -2.045405666996515E-002  1.801311930892542E-002
 -4.650676158174293E-002  0.218032005746260      -0.136783393155193     
 -1.925497831026955E-003  5.860850265309806E-003 -5.156626460467158E-003
 -7.034636989545732E-004  9.357911355350294E-004 -1.567793242238429E-003
  1.235634158842413E-006  1.898110754274379E-006  6.090706572644640E-006
 -3.331393552279501E-002  0.124485155000626      -0.152415929548413     
 -3.627151994374358E-003  1.357444559219807E-003 -1.387824357536282E-004
  2.976538558790790E-003 -1.113242345939167E-002  9.115888408014364E-003
  3.940956765330718E-002 -0.136783393155193       0.158295370545920     
 -5.425233342557994E-003  2.276223362319264E-002 -1.645689096299836E-002
 -2.022659762208933E-005 -6.874052025930819E-004  1.603410089284754E-003
  4.412452513130480E-007 -1.611365861200144E-006 -3.066096053884556E-006
 -8.320374731337982E-002  1.582881332792127E-002  7.824964187991178E-002
 -3.326122328276500E-002  6.392124909841230E-003  2.964261611149522E-002
  6.307201441415458E-003 -1.077190119280165E-003 -8.603078268519542E-003
  3.925627317861033E-003 -1.925497831026964E-003 -5.425233342557999E-003
  0.104407680149826      -1.813409454972464E-002 -9.535764358970855E-002
  1.830129131795390E-003 -1.084068156916005E-003  1.496943600189141E-003
 -5.667444753425295E-006 -8.758081777768208E-008 -3.246390807641881E-006
  1.498050157550936E-002 -6.222685739775204E-002 -3.871554771873838E-002
  2.259251046812209E-003  2.780276358366491E-003  7.910122679286584E-004
  1.027703141620116E-002 -3.303868887026854E-003 -2.642215480071486E-002
 -1.006002732054325E-002  5.860850265309790E-003  2.276223362319264E-002
 -1.813409454972465E-002  5.667954194862165E-002  4.230421032277110E-002
  6.749717947850855E-004  2.130391628786814E-004 -7.282375501239460E-004
  2.366036960436154E-006 -2.981450396396915E-006  8.483855683734625E-006
  8.456364127332471E-002 -3.756341181453747E-002 -0.256362045914455     
 -9.244653917731820E-004  7.532175265071398E-004  1.043661599270587E-002
  4.100714258655834E-003 -5.418924916604546E-004 -1.015447762954254E-002
  6.809069520254628E-003 -5.156626460467157E-003 -1.645689096299835E-002
 -9.535764358970855E-002  4.230421032277110E-002  0.270805842682305     
  8.004984447728696E-004  1.910979350250893E-004  1.703614707781865E-003
  8.185484475827242E-006  1.340498237046535E-005  2.734112419713614E-005
 -1.577670015092471E-002  2.806524129258913E-002 -3.494222532000380E-002
 -7.235362262133881E-002  4.495150929591692E-002 -5.996332120185891E-002
  2.564251424463533E-004 -2.949895125526490E-004 -5.670515231148003E-004
 -7.760137385848324E-003 -7.034636989545693E-004 -2.022659762209021E-005
  1.830129131795386E-003  6.749717947850907E-004  8.004984447728612E-004
  9.380577257967823E-002 -7.269247917072010E-002  9.469129734013874E-002
 -1.866695808862460E-006 -7.900010638632873E-007  1.028857689032700E-006
 -5.065941709619489E-003 -2.200703600946128E-003  7.579354159560340E-005
  7.868502963871730E-002 -0.179370705692846       0.222850210762353     
 -1.573208443427667E-003  5.144942158629584E-004 -9.094719432973333E-004
  1.730425393938443E-003  9.357911355350320E-004 -6.874052025930828E-004
 -1.084068156915968E-003  2.130391628786889E-004  1.910979350250882E-004
 -7.269247917072008E-002  0.179911113899430      -0.221514659525178     
  2.424480291499399E-007 -3.029119914544198E-006 -5.565567908620898E-006
  7.292795002237126E-003  7.712150850145528E-005 -1.449947879342268E-003
 -0.104225885135696       0.223146832475034      -0.293043982801725     
  4.482373797610275E-004  5.708422170143775E-004 -5.390800049236868E-004
  3.037281735049481E-004 -1.567793242238426E-003  1.603410089284753E-003
  1.496943600189178E-003 -7.282375501239419E-004  1.703614707781862E-003
  9.469129734013874E-002 -0.221514659525178       0.291704537770894     
 -7.116360136865295E-006  1.589411699016028E-005  2.144811803379345E-005
  1.281533792527365E-006 -2.905557479548928E-006 -4.529641531219546E-006
 -2.435727915292363E-006 -2.865361111116762E-006 -1.638723826793948E-006
 -6.487464773524072E-007 -1.027048800510729E-006 -1.137046714370843E-008
 -9.404597455717692E-007  1.235634158844803E-006  4.412452513114236E-007
 -5.667444753416492E-006  2.366036960428131E-006  8.185484475831622E-006
 -1.866695808865104E-006  2.424480291666669E-007 -7.116360136865982E-006
  1.027754090797087E-005  2.953848242736553E-006  4.669366234879900E-006
  4.510042543700129E-006 -2.389150678750757E-006 -4.703737376664890E-006
 -6.760091012000217E-006  4.043951964690124E-006  2.928807851569520E-007
 -1.279677962070564E-007 -1.892513644526393E-006  1.756472046017273E-007
  3.017499034017801E-007  1.898110754276278E-006 -1.611365861204468E-006
 -8.758081777062771E-008 -2.981450396401827E-006  1.340498237046696E-005
 -7.900010638646378E-007 -3.029119914540171E-006  1.589411699016340E-005
  2.953848242740523E-006  4.350171915254706E-006 -2.345252411252002E-005
  6.161489496881445E-006 -3.126602806073844E-006 -1.131150925698076E-005
 -9.294336854512370E-006  2.231618873612335E-005  1.191203366647131E-005
  8.387327744935639E-007 -4.746056165267221E-006  6.585144502391534E-007
 -1.577185331340119E-007  6.090706572639122E-006 -3.066096053884581E-006
 -3.246390807645614E-006  8.483855683735797E-006  2.734112419715600E-005
  1.028857689033742E-006 -5.565567908631801E-006  2.144811803380204E-005
  4.669366234883049E-006 -2.345252411252080E-005 -4.698218503680399E-005
 Masses in au
   21874.6618111745        29156.9463602902        1837.15258665392     
   1837.15258665392        1837.15258665392        1837.15258665392     
   1837.15258665392     
