 Coordinates, Gradient and Hessian of a Structure written by dl-find
           7           1           1
  0.000000000000000E+000
 Energy
  -116.108192361402     
 Coordinates
  -8.06452551061076       0.959708646478364      -0.247035085005386     
  -5.39725701639448       0.939121397288084      -0.143954463936891     
  -8.82307256478578      -0.775688764739726       -1.10449175555720     
  -8.60684512665761        2.56671387077890       -1.42932613140864     
  -8.90898898754228        1.22610020169809        1.63059902861246     
  -4.89243449064100      -0.579206891545903       0.831264681050233     
  -8.16133942011772        4.19143528254985        8.20496602781685     
 Gradient
  8.275884425480620E-003 -1.483882797477311E-003  1.566565185221098E-003
 -1.219290970585521E-002  2.554672625862937E-002 -1.601954138289203E-002
 -9.615224810508276E-004 -3.822302497716496E-003 -2.018004804174216E-003
 -9.589447931421730E-004  3.195754660450471E-003 -1.872521845204151E-003
 -7.836877686650910E-004  1.225576318519517E-003  2.858590744987203E-003
  6.623291246882036E-003 -2.468367116496601E-002  1.543306687081868E-002
 -2.110923649391651E-006  2.179922256025871E-005  5.184523124345605E-005
 Hessian
  0.486214774208575      -7.184268954118327E-003  9.048167516485341E-004
 -0.257506433636229       1.986307524362042E-002 -1.822789390646711E-002
 -7.260546826874048E-002 -6.436523369984883E-002 -3.048268761407965E-002
 -5.912927757957608E-002  4.803197167868565E-002 -3.526969040779110E-002
 -7.854380182694477E-002  1.048968885729932E-002  7.977671140246145E-002
 -1.843104900291878E-002 -6.837819655101671E-003  3.293894094646235E-003
  1.256105834150403E-006  2.586529464247683E-006  4.849679580618291E-006
 -7.184268954118330E-003  0.580555562132997      -1.882077414811379E-002
 -2.050443922973698E-002 -8.218544432678186E-002  1.301062946379599E-002
 -5.854146416123754E-002 -0.227462289723760      -8.436001159839078E-002
  3.683113048235297E-002 -0.210317099688436       0.115528060625670     
  1.122869283887780E-002 -5.938640612814149E-002 -2.767770012204575E-002
  3.817169754034335E-002 -1.203176066280529E-003  2.319267456991938E-003
 -1.348516481423531E-006 -1.146199597643475E-006  5.283220926558021E-007
  9.048167516485326E-004 -1.882077414811377E-002  0.564556370922839     
  6.458701319459492E-003  1.487480297674785E-002 -6.851693651600957E-002
 -2.966839740926053E-002 -8.336702351746268E-002 -9.657373263433253E-002
 -2.729640502198350E-002  0.115789201152109      -0.137739111038997     
  7.458608141826772E-002 -2.888085957723827E-002 -0.260109885932528     
 -2.498339025645771E-002  4.072901475297029E-004 -1.610898037170557E-003
 -1.406801675439937E-006 -2.637033574378885E-006 -5.806763797925859E-006
 -0.257506433636229      -2.050443922973699E-002  6.458701319459517E-003
  0.419329364739496      -7.418524151665777E-002  5.748266315681096E-002
 -3.164667732097767E-002 -2.067326778960958E-003 -3.712267713801001E-003
 -2.108602892837465E-002  2.753213972459033E-003 -2.492804998653167E-003
 -3.369422828479778E-002  1.616571153446911E-003  1.894903479922064E-003
 -7.539462004832989E-002  9.238798745022804E-002 -5.963037084906640E-002
 -1.376520786647078E-006 -7.650507773839015E-007 -8.243946723323147E-007
  1.986307524362042E-002 -8.218544432678192E-002  1.487480297674784E-002
 -7.418524151665780E-002  0.352088127214422      -0.185752070612675     
 -2.968759956183622E-002  8.524725621787096E-003  1.639608931778431E-003
  3.331457889622735E-002  2.252646554196831E-003  5.922444440311294E-004
  4.729831526436445E-003  4.027131824720485E-003  2.670568684336366E-004
  4.596794045986300E-002 -0.284708945795925       0.168371388844584     
 -2.585047653724283E-006  1.758907577531182E-006  6.968547100260639E-006
 -1.822789390646711E-002  1.301062946379597E-002 -6.851693651600969E-002
  5.748266315681094E-002 -0.185752070612674       0.179038861085708     
 -1.572227924978368E-002  1.614060409066204E-003  3.888094309037580E-003
 -2.389432794351639E-002 -3.569969390386817E-004  1.778980468739545E-003
  3.115804862346708E-002  1.019945116379868E-003  1.103247173922962E-002
 -3.079245485862868E-002  0.170462061621571      -0.127228543836123     
 -3.755821881572817E-006  2.370940901689573E-006  7.072749416853248E-006
 -7.260546826874047E-002 -5.854146416123756E-002 -2.966839740926052E-002
 -3.164667732097769E-002 -2.968759956183621E-002 -1.572227924978368E-002
  9.313414023593196E-002  7.497616575019836E-002  3.699955694034744E-002
  3.784579050713410E-003  5.478132054131156E-003  3.723104820939773E-003
  5.982231678989191E-003  9.259555940063963E-003  3.904125882537892E-003
  1.351713668916995E-003 -1.484616190922262E-003  7.647861620203589E-004
 -5.190448334083953E-007 -1.738303974296698E-007 -8.971468013211804E-007
 -6.436523369984884E-002 -0.227462289723760      -8.336702351746267E-002
 -2.067326778960956E-003  8.524725621787081E-003  1.614060409066214E-003
  7.497616575019836E-002  0.239785055377825       9.343921392240255E-002
 -7.306690401093220E-003 -1.977008278885947E-002 -1.192190309691267E-002
 -6.947207802239176E-004 -2.419355776022615E-003 -3.982254593725112E-004
 -5.420866094277344E-004  1.343006893787877E-003  6.360826304154747E-004
 -1.074806437433471E-007 -1.059604758614614E-006 -2.204888136423661E-006
 -3.048268761407966E-002 -8.436001159839077E-002 -9.657373263433253E-002
 -3.712267713801001E-003  1.639608931778414E-003  3.888094309037585E-003
  3.699955694034744E-002  9.343921392240255E-002  9.505349726828541E-002
  6.542859330726133E-003  1.630676862536932E-002  8.942131908300645E-003
 -8.615662545840522E-003 -2.646293195186003E-002 -1.112575924591142E-002
 -7.316056429528327E-004 -5.632296741741054E-004 -1.848704661917173E-004
 -1.927543996388808E-007  5.817448745046651E-007  6.388608121624222E-007
 -5.912927757957611E-002  3.683113048235297E-002 -2.729640502198351E-002
 -2.108602892837464E-002  3.331457889622733E-002 -2.389432794351637E-002
  3.784579050713399E-003 -7.306690401093216E-003  6.542859330726130E-003
  8.007843022990496E-002 -5.391476611731489E-002  3.982507563186326E-002
  4.233855620166336E-003 -9.281413956186755E-003  5.921424103633534E-003
 -7.881190356028448E-003  3.575789108393961E-004 -1.097356772683374E-003
 -3.680368054862106E-007 -4.178148247317508E-007 -1.269328039754009E-006
  4.803197167868566E-002 -0.210317099688436       0.115789201152109     
  2.753213972459027E-003  2.252646554196845E-003 -3.569969390386660E-004
  5.478132054131141E-003 -1.977008278885946E-002  1.630676862536932E-002
 -5.391476611731488E-002  0.221312658624954      -0.127092935177806     
 -1.609361589134344E-003  4.511350150120317E-003 -3.649874640807520E-003
 -7.396142088799655E-004  2.009385891147370E-003 -9.997030552328198E-004
  4.242100533579276E-007  1.141256876500253E-006  3.540035407136028E-006
 -3.526969040779110E-002  0.115528060625670      -0.137739111038997     
 -2.492804998653144E-003  5.922444440311164E-004  1.778980468739532E-003
  3.723104820939765E-003 -1.192190309691268E-002  8.942131908300651E-003
  3.982507563186325E-002 -0.127092935177806       0.142489941589845     
 -6.135604735738507E-003  2.408892007802717E-002 -1.637141846454954E-002
  3.496391230781337E-004 -1.194155328724786E-003  8.996628193497069E-004
  2.805663014897021E-007 -2.315442851353179E-007 -1.872826881264015E-007
 -7.854380182694477E-002  1.122869283887779E-002  7.458608141826772E-002
 -3.369422828479773E-002  4.729831526436484E-003  3.115804862346709E-002
  5.982231678989185E-003 -6.947207802239158E-004 -8.615662545840520E-003
  4.233855620166311E-003 -1.609361589134350E-003 -6.135604735738510E-003
  0.101151826480345      -1.264052101112846E-002 -9.212446815402567E-002
  8.736955052295612E-004 -1.011966135609668E-003  1.136748164117692E-003
 -3.579172988368627E-006 -1.954849218916721E-006 -5.142770246596824E-006
  1.048968885729932E-002 -5.938640612814146E-002 -2.888085957723822E-002
  1.616571153446905E-003  4.027131824720483E-003  1.019945116379858E-003
  9.259555940063960E-003 -2.419355776022597E-003 -2.646293195186003E-002
 -9.281413956186754E-003  4.511350150120294E-003  2.408892007802716E-002
 -1.264052101112847E-002  5.355646233352811E-002  3.125273761535471E-002
  5.543181483179963E-004 -2.898976394983465E-004 -1.027002031267341E-003
  1.800868187223126E-006  7.152352938324266E-007  9.190750603448208E-006
  7.977671140246144E-002 -2.767770012204573E-002 -0.260109885932528     
  1.894903479922083E-003  2.670568684336055E-004  1.103247173922967E-002
  3.904125882537887E-003 -3.982254593725125E-004 -1.112575924591144E-002
  5.921424103633523E-003 -3.649874640807532E-003 -1.637141846454953E-002
 -9.212446815402565E-002  3.125273761535471E-002  0.275657477458141     
  6.238469096550763E-004  1.925692939145427E-004  8.921709130241224E-004
  3.456375817147225E-006  1.343644452599701E-005  2.494353259044624E-005
 -1.843104900291878E-002  3.817169754034338E-002 -2.498339025645770E-002
 -7.539462004832985E-002  4.596794045986300E-002 -3.079245485862870E-002
  1.351713668917000E-003 -5.420866094277468E-004 -7.316056429528275E-004
 -7.881190356028455E-003 -7.396142088799664E-004  3.496391230781330E-004
  8.736955052295512E-004  5.543181483179881E-004  6.238469096550759E-004
  9.948196898333686E-002 -8.341229233397655E-002  5.553290816151136E-002
 -5.187502065197475E-007  3.700375914455927E-008  1.056563794928082E-006
 -6.837819655101668E-003 -1.203176066280501E-003  4.072901475296695E-004
  9.238798745022804E-002 -0.284708945795925       0.170462061621571     
 -1.484616190922252E-003  1.343006893787876E-003 -5.632296741741033E-004
  3.575789108394286E-004  2.009385891147376E-003 -1.194155328724781E-003
 -1.011966135609661E-003 -2.898976394983671E-004  1.925692939145476E-004
 -8.341229233397655E-002  0.282851135012775      -0.169302050051308     
  1.127954543251680E-006 -1.508296004221830E-006 -2.486008808973032E-006
  3.293894094646235E-003  2.319267456991928E-003 -1.610898037170525E-003
 -5.963037084906641E-002  0.168371388844584      -0.127228543836123     
  7.647861620203592E-004  6.360826304154776E-004 -1.848704661917292E-004
 -1.097356772683350E-003 -9.997030552328142E-004  8.996628193496916E-004
  1.136748164117680E-003 -1.027002031267351E-003  8.921709130241410E-004
  5.553290816151134E-002 -0.169302050051308       0.127229373495712     
 -6.089605464128732E-007  2.016205815431786E-006  3.105111400226588E-006
  1.256105834152840E-006 -1.348516481438604E-006 -1.406801675469611E-006
 -1.376520786648152E-006 -2.585047653719914E-006 -3.755821881574903E-006
 -5.190448334086219E-007 -1.074806437390905E-007 -1.927543996347458E-007
 -3.680368054902497E-007  4.242100533572070E-007  2.805663014990113E-007
 -3.579172988372008E-006  1.800868187227313E-006  3.456375817137903E-006
 -5.187502065178706E-007  1.127954543252164E-006 -6.089605464196877E-007
  5.105419786284071E-006  6.880119950609370E-007  2.227396384461992E-006
  2.586529464254962E-006 -1.146199597656556E-006 -2.637033574386204E-006
 -7.650507773798094E-007  1.758907577536188E-006  2.370940901683919E-006
 -1.738303974329563E-007 -1.059604758611514E-006  5.817448745023042E-007
 -4.178148247323233E-007  1.141256876503165E-006 -2.315442851365886E-007
 -1.954849218912370E-006  7.152352938357938E-007  1.343644452600063E-005
  3.700375914198036E-008 -1.508296004221222E-006  2.016205815427313E-006
  6.880119950605271E-007  9.870061261450443E-008 -1.553675825809159E-005
  4.849679580622428E-006  5.283220926456410E-007 -5.806763797914073E-006
 -8.243946723377026E-007  6.968547100241943E-006  7.072749416834691E-006
 -8.971468013193313E-007 -2.204888136415519E-006  6.388608121567342E-007
 -1.269328039755472E-006  3.540035407137527E-006 -1.872826881262048E-007
 -5.142770246591538E-006  9.190750603460695E-006  2.494353259044337E-005
  1.056563794925143E-006 -2.486008808977587E-006  3.105111400223774E-006
  2.227396384456440E-006 -1.553675825809191E-005 -2.976620773361870E-005
 Masses in au
   21874.6618111745        29156.9463602902        1837.15258665392     
   1837.15258665392        1837.15258665392        1837.15258665392     
   1837.15258665392     
