 Coordinates, Gradient and Hessian of a Structure written by dl-find
           7           1           1
  0.000000000000000E+000
 Energy
  -116.099668595099     
 Coordinates
  -7.99363902887249        1.08573149410521       6.323403361438230E-003
  -5.40788351634139       0.896682671769634      -0.225643568147115     
  -9.04857289165180      -0.674157719535310      -9.885405841288740E-002
  -8.71460622272629        2.62484639829247       -1.13089444958177     
  -8.62345450122120        1.97794855279630        2.73173217297061     
  -4.82811783262109      -0.530282057200288       0.734330395954806     
  -8.85331556133594        2.40399914539001        4.17646732456619     
 Gradient
 -7.249878715237633E-003  7.544544717724944E-003  2.404318648451867E-002
  2.697356381474302E-003 -1.015945372817249E-003 -3.033022634600496E-003
  1.769424806361354E-004  4.369777836790023E-004 -2.446112795872563E-003
  3.576748334804074E-004 -1.351356390707890E-003 -1.179122863169142E-003
  2.951288751128422E-003 -4.760510401114868E-003 -1.496869445513595E-002
  3.964390619802458E-004  2.451334508256029E-004  7.411104893142241E-004
  6.701772065378553E-004 -1.098843787590404E-003 -3.157344225053621E-003
 Hessian
  0.525484841774431       1.333072002984045E-002  5.927842712567072E-002
 -0.313649976375616       3.948854440814218E-002  1.884886027651106E-002
 -0.112270524182024      -0.116985291017072      -1.741369124205022E-002
 -7.741898499611072E-002  6.973124210397867E-002 -6.217126938873520E-002
 -4.263932495687169E-003 -4.312040665252332E-003 -1.366676357083973E-002
 -2.079672517114491E-002 -3.779754531467648E-003  6.564268050001066E-003
  2.915301446152195E-003  2.526579671828821E-003  8.560168749444208E-003
  1.333072002984045E-002  0.579299337928306      -0.157649107508282     
 -5.728141493463637E-003 -8.643839828522787E-002  3.009686633112441E-002
 -0.106245966377031      -0.269612409983557      -1.788322620927155E-002
  5.941935210974254E-002 -0.215987817060831       0.148936140203970     
 -4.873758616843849E-003 -2.594518501257508E-003  2.263734673465201E-002
  4.032322240295400E-002 -3.614317378799789E-003 -5.162434370402230E-003
  3.774571944802636E-003 -1.051876718629894E-003 -2.097558518179409E-002
  5.927842712567070E-002 -0.157649107508282       0.188253816810135     
  2.036044604522046E-002  2.482542829796782E-002 -4.013577224542907E-002
 -5.920963825870121E-003  2.926964598291459E-003 -2.651122150372717E-002
 -4.644294193282011E-002  0.126944851934767      -0.125534585548827     
 -1.640439933210132E-002  2.237104193104573E-002  6.295194774392224E-002
 -2.405398649202349E-002  1.122513517895899E-003  2.095865557551819E-003
  1.318341841192619E-002 -2.054169277167715E-002 -6.112005081363614E-002
 -0.313649976375616      -5.728141493463636E-003  2.036044604522046E-002
  0.450074613598941      -0.136322079994637       5.491028065707484E-002
 -2.973405933970305E-002  3.492162418453271E-003  3.892482068840148E-003
 -2.007678247381517E-002  2.041743836554707E-003  1.182131299096764E-003
 -7.067579153857146E-003  1.310058333881256E-003  2.794581004435611E-003
 -8.192398366516540E-002  0.134474682820176      -8.723487060261280E-002
  2.377767409216358E-003  7.315740790368695E-004  4.094949527944068E-003
  3.948854440814217E-002 -8.643839828522779E-002  2.482542829796778E-002
 -0.136322079994637       0.403346148284008      -0.243718187515058     
 -2.796675688280177E-002  1.236173529059382E-002  5.854607998384430E-003
  3.144380686511326E-002  1.413351049532483E-003 -6.181873948153782E-003
  3.774864576241451E-003 -1.022427787001901E-004 -2.731376401219725E-003
  9.047164463560073E-002 -0.330686211126313       0.221665365878995     
 -8.900236076596743E-004  1.056175661021182E-004  2.860356890865392E-004
  1.884886027651105E-002  3.009686633112441E-002 -4.013577224542908E-002
  5.491028065707486E-002 -0.243718187515058       0.188563680489684     
 -2.841343225730448E-003 -1.801487992073224E-003  5.046500769924195E-003
 -2.215781555554064E-002  4.906383554290013E-004  4.488819061176116E-003
  1.010996875987645E-002 -2.646165448822631E-003 -6.322458757086631E-003
 -5.624872110750562E-002  0.216389178717004      -0.154584536255488     
 -2.621229804685349E-003  1.189157552398521E-003  2.943766937218726E-003
 -0.112270524182024      -0.106245966377031      -5.920963825870105E-003
 -2.973405933970306E-002 -2.796675688280175E-002 -2.841343225730432E-003
  0.131566768714625       0.125975700897735       7.446156028997787E-003
  7.927161168826283E-003  8.732065293044728E-003  1.340003754958571E-004
  8.635200406857957E-004  7.375781054937548E-004 -3.281807521666051E-005
  1.715212907635996E-003 -1.325994701985252E-003  1.523295606617282E-003
 -6.807931004632258E-005  9.337366554497966E-005 -3.083268842937327E-004
 -0.116985291017072      -0.269612409983557       2.926964598291467E-003
  3.492162418453267E-003  1.236173529059379E-002 -1.801487992073232E-003
  0.125975700897735       0.269612676987926       4.278929617927443E-003
 -1.070601554244165E-002 -1.255635102170935E-002 -5.298323450501847E-003
 -1.046270175520913E-003 -2.106131977761133E-003 -4.046285512967189E-005
 -1.049672552367749E-003  1.633979452813022E-003  2.737230919766005E-004
  3.193859712139655E-004  6.665012516938792E-004 -3.393430104907748E-004
 -1.741369124205022E-002 -1.788322620927158E-002 -2.651122150372719E-002
  3.892482068840147E-003  5.854607998384431E-003  5.046500769924204E-003
  7.446156028997789E-003  4.278929617927443E-003  2.351441923776248E-002
  8.255296015749682E-003  1.604359066629871E-002  5.069911428032712E-003
 -1.399825240873052E-003 -8.269665769237218E-003 -7.442103454763748E-003
 -7.533685373335045E-004 -1.363540078962887E-003 -1.085933476023960E-003
 -2.704909333101975E-005  1.339303774860457E-003  1.408426998796254E-003
 -7.741898499611073E-002  5.941935210974257E-002 -4.644294193282012E-002
 -2.007678247381517E-002  3.144380686511330E-002 -2.215781555554061E-002
  7.927161168826278E-003 -1.070601554244163E-002  8.255296015749683E-003
  9.640793028219559E-002 -7.955638944306773E-002  6.006044317168018E-002
  4.999575995194991E-004 -8.659970851023780E-004  4.653721876202039E-004
 -7.220016080366263E-003  3.130769641142523E-004  1.037981544193070E-004
 -1.192655002492242E-004 -4.783386835833969E-005 -2.841520411087034E-004
  6.973124210397869E-002 -0.215987817060831       0.126944851934767     
  2.041743836554713E-003  1.413351049532545E-003  4.906383554290063E-004
  8.732065293044711E-003 -1.255635102170936E-002  1.604359066629872E-002
 -7.955638944306774E-002  0.223575853975956      -0.140101269156260     
 -7.174090997488322E-005  5.816419936719683E-004 -4.398879012845263E-003
 -7.324011232029872E-004  2.558977056786327E-003  1.253353700563999E-004
 -1.445197573326032E-004  4.143440065932176E-004  8.957318425547405E-004
 -6.217126938873521E-002  0.148936140203970      -0.125534585548827     
  1.182131299096782E-003 -6.181873948153775E-003  4.488819061176125E-003
  1.340003754958595E-004 -5.298323450501864E-003  5.069911428032707E-003
  6.006044317168020E-002 -0.140101269156260       0.120417390872616     
 -8.959969232768936E-004  3.425329002621410E-003 -8.654822382573616E-003
  1.627088972918392E-003 -1.221419441593430E-004  2.361419395383626E-003
  6.360249282064180E-005 -6.578607075169230E-004  1.851867174192341E-003
 -4.263932495687162E-003 -4.873758616843843E-003 -1.640439933210132E-002
 -7.067579153857142E-003  3.774864576241452E-003  1.010996875987644E-002
  8.635200406857925E-004 -1.046270175520909E-003 -1.399825240873051E-003
  4.999575995194990E-004 -7.174090997491173E-005 -8.959969232769009E-004
  2.665864098329690E-002 -3.803261676980538E-003 -1.180521638400297E-002
 -7.936993522410372E-005 -1.927053817224315E-004  2.756261423717582E-004
 -1.661123703873433E-002  6.212872184798907E-003  2.011984297800853E-002
 -4.312040665252332E-003 -2.594518501257478E-003  2.237104193104573E-002
  1.310058333881249E-003 -1.022427787001965E-004 -2.646165448822620E-003
  7.375781054937562E-004 -2.106131977761122E-003 -8.269665769237221E-003
 -8.659970851023733E-004  5.816419936719651E-004  3.425329002621398E-003
 -3.803261676980539E-003  2.892328494586779E-002  2.457824491373840E-002
  3.916308806258859E-004  2.745108533792938E-005 -1.225490816156024E-005
  6.542032107335529E-003 -2.472948476715425E-002 -3.944652972118914E-002
 -1.366676357083973E-002  2.263734673465200E-002  6.295194774392224E-002
  2.794581004435614E-003 -2.731376401219723E-003 -6.322458757086613E-003
 -3.281807521666234E-005 -4.046285512967399E-005 -7.442103454763749E-003
  4.653721876202085E-004 -4.398879012845267E-003 -8.654822382573618E-003
 -1.180521638400297E-002  2.457824491373840E-002  0.109587930972641     
  2.604191633262876E-004  7.892679776730834E-004  9.177140261724066E-004
  2.198442567468209E-002 -4.083414135685028E-002 -0.151038208148332     
 -2.079672517114489E-002  4.032322240295397E-002 -2.405398649202349E-002
 -8.192398366516539E-002  9.047164463560071E-002 -5.624872110750566E-002
  1.715212907635995E-003 -1.049672552367758E-003 -7.533685373334991E-004
 -7.220016080366257E-003 -7.324011232029789E-004  1.627088972918394E-003
 -7.936993522410337E-005  3.916308806258685E-004  2.604191633262924E-004
  0.108373079566701      -0.129373414184149       7.918510008682923E-002
 -6.819762243620036E-005 -3.101005946290440E-005 -1.653208621048605E-005
 -3.779754531467663E-003 -3.614317378799794E-003  1.122513517895905E-003
  0.134474682820176      -0.330686211126313       0.216389178717004     
 -1.325994701985250E-003  1.633979452813003E-003 -1.363540078962894E-003
  3.130769641142850E-004  2.558977056786362E-003 -1.221419441593661E-004
 -1.927053817224309E-004  2.745108533793800E-005  7.892679776730715E-004
 -0.129373414184149       0.330159182203015      -0.217021259432848     
 -1.158909849657908E-004 -7.906129283500809E-005  2.059812433950944E-004
  6.564268050001075E-003 -5.162434370402249E-003  2.095865557551808E-003
 -8.723487060261281E-002  0.221665365878995      -0.154584536255488     
  1.523295606617299E-003  2.737230919766051E-004 -1.085933476023960E-003
  1.037981544193216E-004  1.253353700563919E-004  2.361419395383620E-003
  2.756261423717594E-004 -1.225490816155838E-005  9.177140261724050E-004
  7.918510008682923E-002 -0.217021259432848       0.150817552865313     
 -4.172174376262969E-004  1.315243703810978E-004 -5.220821129080902E-004
  2.915301446152189E-003  3.774571944802649E-003  1.318341841192618E-002
  2.377767409216353E-003 -8.900236076596772E-004 -2.621229804685344E-003
 -6.807931004632811E-005  3.193859712139676E-004 -2.704909333101981E-005
 -1.192655002492226E-004 -1.445197573326180E-004  6.360249282064422E-005
 -1.661123703873433E-002  6.542032107335520E-003  2.198442567468209E-002
 -6.819762243619511E-005 -1.158909849658205E-004 -4.172174376263021E-004
  1.157371061609852E-002 -9.485555673390171E-003 -3.216595024379052E-002
  2.526579671828823E-003 -1.051876718629863E-003 -2.054169277167716E-002
  7.315740790368769E-004  1.056175661021332E-004  1.189157552398509E-003
  9.337366554497246E-005  6.665012516938867E-004  1.339303774860457E-003
 -4.783386835834012E-005  4.143440065932233E-004 -6.578607075169175E-004
  6.212872184798909E-003 -2.472948476715424E-002 -4.083414135685028E-002
 -3.101005946291139E-005 -7.906129283501159E-005  1.315243703810996E-004
 -9.485555673390182E-003  2.467395995422270E-002  5.937370913841218E-002
  8.560168749444198E-003 -2.097558518179409E-002 -6.112005081363617E-002
  4.094949527944080E-003  2.860356890865587E-004  2.943766937218737E-003
 -3.083268842937306E-004 -3.393430104907791E-004  1.408426998796254E-003
 -2.841520411087065E-004  8.957318425547254E-004  1.851867174192346E-003
  2.011984297800854E-002 -3.944652972118914E-002 -0.151038208148332     
 -1.653208621049654E-005  2.059812433951014E-004 -5.220821129080833E-004
 -3.216595024379052E-002  5.937370913841219E-002  0.206476279964697     
 Masses in au
   21874.6618111745        29156.9463602902        1837.15258665392     
   1837.15258665392        1837.15258665392        1837.15258665392     
   1837.15258665392     
