 Coordinates, Gradient and Hessian of a Structure written by dl-find
           7           1           1
  0.000000000000000E+000
 Energy
  -116.109648964352     
 Coordinates
  -8.16986503143740        1.02076442850887      -0.177931572483295     
  -5.54847572151217        1.16432908234080       0.378668705878941     
  -8.66799215943351      -0.767502877205192       -1.08367271160365     
  -8.58195771326269        2.55336747080586       -1.48355094434685     
  -9.33049625383234        1.26775206090159        1.51322212250288     
  -5.13994228134500      -0.174811551410991        1.52748369351026     
  -6.74614106012031        2.98918157815985        5.84721910751894     
 Gradient
 -9.004946188939666E-006 -1.550218929633548E-006 -1.769473961691853E-006
  4.139524674722581E-006  3.421440311913588E-006  6.998729897497489E-006
 -6.411600743352690E-006 -7.116157648474859E-006  3.022573821111797E-006
  1.622482301736333E-006  7.774782093352832E-006  8.173578629862916E-006
  1.159500104499903E-005  1.313324597980393E-006 -2.652572629812583E-006
  4.254412604722496E-006 -1.359777287064617E-006 -8.778338979190682E-007
 -6.194873693888036E-006 -2.483393138073432E-006 -1.289500185904868E-005
 Hessian
  0.476607276107524      -8.309224860225832E-003 -1.591169905546601E-002
 -0.236108861840964       6.145480934487512E-003 -4.955254637741501E-002
 -5.769490895304965E-002 -4.311123997227821E-002 -1.958715646588831E-002
 -5.256787513183712E-002  3.722396034692908E-002 -2.944647262576940E-002
 -0.114791959987311       1.614739690813443E-002  0.112119340952475     
 -1.547480673744755E-002 -8.126897015197634E-003  2.420222473389395E-003
  3.113654308565270E-005  3.052365815181929E-005 -4.168890132665751E-005
 -8.309224860225832E-003  0.593524950625248      -2.278507296905752E-002
 -3.163542879796863E-002 -8.153216140700695E-002  8.460278265874139E-003
 -3.774025302708158E-002 -0.248816091272741      -9.549462398159571E-002
  2.664055004442605E-002 -0.206163069718843       0.127805144111531     
  1.673894992805427E-002 -5.829656176969993E-002 -2.521795724179590E-002
  3.435055273685267E-002  1.298032867012252E-003  7.325522523343390E-003
 -4.514602405711859E-005 -1.509932396912090E-005 -9.329070829902494E-005
 -1.591169905546602E-002 -2.278507296905753E-002  0.580173291653174     
 -2.035457736111344E-002  1.819314126641639E-002 -7.951063507160565E-002
 -1.908133418960990E-002 -9.534759136592366E-002 -0.101307288320948     
 -2.112073217870881E-002  0.130472041803022      -0.159281674684346     
  0.107098426095881      -2.685524883902589E-002 -0.234170899788165     
 -3.054175290783549E-002 -3.567331705069437E-003 -5.625198684821545E-003
 -8.833040314852447E-005 -1.099381903644609E-004 -2.775951032864072E-004
 -0.236108861840964      -3.163542879796861E-002 -2.035457736111345E-002
  0.377811339925468      -5.382440595592954E-002  0.126815477285895     
 -2.536696349589101E-002 -4.406808594452961E-003 -8.450520080207859E-003
 -1.797551823206423E-002  8.563416844216592E-004 -5.724163761987029E-003
 -3.747595162022870E-002 -1.138783731486111E-003 -7.077743277723043E-003
 -6.079090035217343E-002  9.019717009506538E-002 -8.516186085871914E-002
 -9.314438414613884E-005 -4.808469964934576E-005 -4.661194614437105E-005
  6.145480934487513E-003 -8.153216140700698E-002  1.819314126641637E-002
 -5.382440595592954E-002  0.364164776706888      -0.263133955887843     
 -3.191144132719640E-002  6.942793788822336E-003 -4.090242722973043E-003
  3.025472584669460E-002  4.719383887509956E-003  5.534962257073833E-003
  2.959921318292839E-003  3.911466639816200E-003  9.620759680860857E-004
  4.633848629338264E-002 -0.298217510067544       0.242519884384063     
  3.723289026768583E-005  1.125045151228690E-005  1.413473517750250E-005
 -4.955254637741499E-002  8.460278265874140E-003 -7.951063507160561E-002
  0.126815477285894      -0.263133955887843       0.282141536888683     
 -1.989455968251521E-002  4.370692674101291E-006 -2.229059079563539E-004
 -2.877154299881395E-002 -1.917876108028743E-003 -3.848975079107766E-003
  2.238516196976433E-002  2.868597639275708E-003  1.488690429998444E-002
 -5.111526300552642E-002  0.253818840420249      -0.213219574942642     
  1.332728086124168E-004 -1.002550221994491E-004 -2.263501873570881E-004
 -5.769490895304961E-002 -3.774025302708160E-002 -1.908133418960987E-002
 -2.536696349589099E-002 -3.191144132719640E-002 -1.989455968251522E-002
  7.370650684757553E-002  5.222933741798881E-002  2.807150847327244E-002
  2.368797420633939E-003  4.015187691920529E-003  3.185565188014348E-003
  5.601542411970003E-003  1.464623165172019E-002  6.686009753549165E-003
  1.384793170184435E-003 -1.242754603908291E-003  9.954757629435042E-004
  2.325985767562676E-007  3.692196556789069E-006  3.733469434555947E-005
 -4.311123997227822E-002 -0.248816091272741      -9.534759136592366E-002
 -4.406808594452951E-003  6.942793788822336E-003  4.370692674060031E-006
  5.222933741798880E-002  0.263341909808053       0.107315736248646     
 -3.764771522381004E-003 -1.997549158984524E-002 -1.207876522059850E-002
 -3.176832488023443E-004 -2.409765340319533E-003 -3.954426600165862E-004
 -6.177095372850805E-004  9.173865109210127E-004  4.938087916346761E-004
 -1.112454278921077E-005 -7.419048904195496E-007  7.883513583636476E-006
 -1.958715646588830E-002 -9.549462398159569E-002 -0.101307288320948     
 -8.450520080207861E-003 -4.090242722973010E-003 -2.229059079563498E-004
  2.807150847327244E-002  0.107315736248646       0.102017315760343     
  4.556116178261902E-003  1.871488226261439E-002  1.055893721047586E-002
 -4.182733638026933E-003 -2.554072382598836E-002 -1.082701684875724E-002
 -3.961442735981141E-004 -9.181192055777576E-004 -2.497374148406061E-004
 -1.107019381320563E-005  1.309122487393281E-005  3.069552168297325E-005
 -5.256787513183712E-002  2.664055004442605E-002 -2.112073217870881E-002
 -1.797551823206418E-002  3.025472584669464E-002 -2.877154299881398E-002
  2.368797420633932E-003 -3.764771522381010E-003  4.556116178261905E-003
  7.128254170062734E-002 -3.975132710283404E-002  3.719063793826862E-002
  4.563866095353694E-003 -1.329168584107990E-002  1.008243627497351E-002
 -7.668784073509075E-003 -9.644843279875004E-005 -1.947878153010201E-003
 -3.027779204527858E-006  8.957007973104027E-006  1.096293902881287E-005
  3.722396034692908E-002 -0.206163069718843       0.130472041803022     
  8.563416844216408E-004  4.719383887509887E-003 -1.917876108028752E-003
  4.015187691920549E-003 -1.997549158984524E-002  1.871488226261440E-002
 -3.975132710283404E-002  0.215300933298484      -0.141520000693172     
 -1.164501227572283E-003  4.520439872361980E-003 -4.365842369266173E-003
 -1.191870782528591E-003  1.591785582730411E-003 -1.404373361353434E-003
  1.220938966361654E-005  6.018667601756786E-006  2.116846618426062E-005
 -2.944647262576939E-002  0.127805144111531      -0.159281674684346     
 -5.724163761987014E-003  5.534962257073833E-003 -3.848975079107765E-003
  3.185565188014351E-003 -1.207876522059850E-002  1.055893721047584E-002
  3.719063793826861E-002 -0.141520000693172       0.167945572284407     
 -4.118211411670019E-003  2.135232067621449E-002 -1.615006467418510E-002
 -1.081760257155951E-003 -1.096343557248416E-003  7.716929114760685E-004
 -5.595069700685063E-006  2.682426199414239E-006  4.512031279454424E-006
 -0.114791959987311       1.673894992805426E-002  0.107098426095881     
 -3.747595162022872E-002  2.959921318292823E-003  2.238516196976434E-002
  5.601542411970003E-003 -3.176832488023447E-004 -4.182733638026940E-003
  4.563866095353700E-003 -1.164501227572283E-003 -4.118211411670019E-003
  0.141209277052696      -1.719275760734227E-002 -0.122396164407566     
  9.296899024638231E-004 -9.987785267698433E-004  1.269030822843952E-003
 -3.646385494440040E-005 -2.515063586174404E-005 -5.550943122505916E-005
  1.614739690813443E-002 -5.829656176969995E-002 -2.685524883902592E-002
 -1.138783731486112E-003  3.911466639816217E-003  2.868597639275757E-003
  1.464623165172020E-002 -2.409765340319521E-003 -2.554072382598836E-002
 -1.329168584107990E-002  4.520439872361953E-003  2.135232067621449E-002
 -1.719275760734228E-002  5.250656882581566E-002  2.890716194279432E-002
  8.515387041893007E-004 -2.126378459717227E-004 -7.168724342954533E-004
 -2.194008413544063E-005 -1.951038200230586E-005 -1.523515897514478E-005
  0.112119340952475      -2.521795724179591E-002 -0.234170899788165     
 -7.077743277723062E-003  9.620759680860890E-004  1.488690429998443E-002
  6.686009753549178E-003 -3.954426600165914E-004 -1.082701684875725E-002
  1.008243627497351E-002 -4.365842369266169E-003 -1.615006467418511E-002
 -0.122396164407566       2.890716194279432E-002  0.245016830777761     
  6.649056179165604E-004  1.091883000363425E-004  1.276811761588279E-003
 -7.878491362381648E-005  8.160601647565623E-007 -3.256552822914255E-005
 -1.547480673744752E-002  3.435055273685268E-002 -3.054175290783547E-002
 -6.079090035217347E-002  4.633848629338261E-002 -5.111526300552641E-002
  1.384793170184438E-003 -6.177095372850891E-004 -3.961442735981226E-004
 -7.668784073509064E-003 -1.191870782528593E-003 -1.081760257155950E-003
  9.296899024638040E-004  8.515387041892939E-004  6.649056179165479E-004
  8.162506414926156E-002 -7.974837780724933E-002  8.241593115814991E-002
 -5.056058779993321E-006  1.738039263808363E-005  5.408366804989485E-005
 -8.126897015197632E-003  1.298032867012246E-003 -3.567331705069432E-003
  9.019717009506541E-002 -0.298217510067544       0.253818840420249     
 -1.242754603908281E-003  9.173865109210451E-004 -9.181192055777615E-004
 -9.644843279874947E-005  1.591785582730422E-003 -1.096343557248413E-003
 -9.987785267698481E-004 -2.126378459717318E-004  1.091883000363636E-004
 -7.974837780724930E-002  0.294675094115071      -0.248228838626666     
  1.608629085915557E-005 -5.215116221612357E-005 -1.173956257249827E-004
  2.420222473389396E-003  7.325522523343378E-003 -5.625198684821541E-003
 -8.516186085871914E-002  0.242519884384063      -0.213219574942642     
  9.954757629434944E-004  4.938087916346747E-004 -2.497374148406119E-004
 -1.947878153010198E-003 -1.404373361353425E-003  7.716929114760621E-004
  1.269030822843969E-003 -7.168724342954599E-004  1.276811761588276E-003
  8.241593115814991E-002 -0.248228838626666       0.217029381727698     
  9.078794401965289E-006  1.086872327206057E-005  1.662464154324895E-005
  3.113654308565635E-005 -4.514602405712755E-005 -8.833040314847657E-005
 -9.314438414614076E-005  3.723289026768313E-005  1.332728086123958E-004
  2.325985767552225E-007 -1.112454278920117E-005 -1.107019381319920E-005
 -3.027779204517526E-006  1.220938966362566E-005 -5.595069700678766E-006
 -3.646385494440730E-005 -2.194008413544224E-005 -7.878491362380406E-005
 -5.056058779986657E-006  1.608629085916113E-005  9.078794401968230E-006
  1.063229354126396E-004  1.268208019129920E-005  4.142897727179549E-005
  3.052365815181520E-005 -1.509932396910844E-005 -1.099381903644601E-004
 -4.808469964934785E-005  1.125045151227058E-005 -1.002550221994556E-004
  3.692196556787513E-006 -7.419048904262286E-007  1.309122487393034E-005
  8.957007973105572E-006  6.018667601754974E-006  2.682426199410730E-006
 -2.515063586174459E-005 -1.951038200231243E-005  8.160601647600386E-007
  1.738039263808102E-005 -5.215116221613741E-005  1.086872327205435E-005
  1.268208019130244E-005  7.023365396395104E-005  1.827347780537605E-004
 -4.168890132664732E-005 -9.329070829903734E-005 -2.775951032863808E-004
 -4.661194614436714E-005  1.413473517750150E-005 -2.263501873570926E-004
  3.733469434555848E-005  7.883513583631315E-006  3.069552168298163E-005
  1.096293902881146E-005  2.116846618424610E-005  4.512031279459469E-006
 -5.550943122505009E-005 -1.523515897514115E-005 -3.256552822912954E-005
  5.408366804989550E-005 -1.173956257249808E-004  1.662464154325550E-005
  4.142897727179701E-005  1.827347780537595E-004  4.846786243669070E-004
 Masses in au
   21874.6618111745        29156.9463602902        1837.15258665392     
   1837.15258665392        1837.15258665392        1837.15258665392     
   1837.15258665392     
