 Coordinates, Gradient and Hessian of a Structure written by dl-find
           7           1           1
  0.000000000000000E+000
 Energy
  -116.109285034477     
 Coordinates
  -8.00448284738571        1.05871123740700      -0.119955313255643     
  -5.34000321177944       0.850612269549251      -0.311378388171248     
  -8.95167243266365      -0.726060763102618      -0.551432255963628     
  -8.58947967245595        2.45918747876184       -1.50641696372855     
  -8.59411592785220        1.70425603861210        1.75218366419739     
  -4.76783215054712      -0.278052113596912       0.980580866449502     
  -10.1131598561737        3.69591833780550        8.60211835335417     
 Gradient
  1.339885765679141E-003 -5.966628664761650E-004  1.145665519428377E-004
 -9.115532944302522E-004 -6.834534101186818E-004  6.302327625069546E-004
 -9.854141754007956E-005  3.887297370530687E-005 -2.757017219531849E-004
  7.755508451939101E-005  1.213671811318763E-004 -8.938767444214699E-005
  1.320456884014974E-004  1.017566820849366E-004  2.243044051165576E-004
 -5.289373550621944E-004  1.005488963322355E-003 -6.455540286003250E-004
 -1.045447156749490E-005  1.263047635038450E-005  4.153970542930085E-005
 Hessian
  0.479433787610803       1.635434872206177E-003  1.325561237319481E-002
 -0.246359784008743       2.885235159172823E-002 -5.425921241245407E-003
 -8.977534233018354E-002 -9.229837771940588E-002 -2.248876799950776E-002
 -6.127269115211580E-002  4.833250024291012E-002 -4.930952686593146E-002
 -6.257327264472742E-002  1.770948310736882E-002  5.502619626388357E-002
 -1.945151386449890E-002 -4.231815073636457E-003  8.938941225180949E-003
 -1.183610533708489E-006  4.229788297778658E-007  3.466244424548772E-006
  1.635434872206181E-003  0.584155682957553      -2.153090651977130E-002
 -1.204903304629936E-003 -7.387878094462291E-002  1.772470001160349E-002
 -8.748693619376106E-002 -0.250979386972572      -4.848370433934451E-002
  3.898880531252221E-002 -0.177992067637931       0.126889616430220     
  1.780751956668889E-002 -7.880195413201649E-002 -7.137283470971796E-002
  3.026085000734041E-002 -2.500304317745237E-003 -3.227359683270744E-003
 -7.702603676861147E-007 -3.188952666534697E-006  4.888102822650830E-007
  1.325561237319480E-002 -2.153090651977130E-002  0.589423093374591     
  3.298475238811394E-002  1.198186624649265E-002 -8.092902046833551E-002
 -2.259945424635164E-002 -4.693675466740426E-002 -6.623414602560466E-002
 -3.922545990143976E-002  0.125636131020110      -0.178057891769943     
  4.925813508191244E-002 -7.220541290960333E-002 -0.266094037000345     
 -3.367377195606928E-002  3.055069542427738E-003  1.899038871120575E-003
  1.862606355142472E-007  7.287744129672177E-009 -7.036981480447642E-006
 -0.246359784008743      -1.204903304629932E-003  3.298475238811392E-002
  0.415905734143986      -0.118248366086277       8.438140278849800E-002
 -3.492307680627311E-002  5.777000295853736E-004  1.341515483919809E-003
 -2.259827537686605E-002  3.480037779417833E-003 -2.087457541831772E-004
 -2.819028548935094E-002  4.484217812911096E-003  4.970866374525219E-003
 -8.383408926701258E-002  0.110911215043755      -0.123471405231889     
 -2.231957396583574E-007  9.872523936164102E-008  1.613951014060486E-006
  2.885235159172823E-002 -7.387878094462291E-002  1.198186624649267E-002
 -0.118248366086277       0.268549725097715      -0.258092412506846     
 -2.798944369828019E-002  1.211234599677962E-002  4.084440547296407E-003
  2.891510808002290E-002  6.949396865302840E-004 -2.695468277684492E-003
  1.296869601613562E-002  2.753841595143096E-003  2.699040254322344E-005
  7.550129719146888E-002 -0.210232738582144       0.244693764682812     
  3.569051999293934E-007  6.671505966478470E-007  8.189053879922586E-007
 -5.425921241245390E-003  1.772470001160349E-002 -8.092902046833560E-002
  8.438140278849794E-002 -0.258092412506846       0.347487331864322     
 -5.702421004993423E-003  1.513384352279121E-003  4.659741300614048E-003
 -2.826916560237870E-002  1.302303158782587E-003  4.668627306305918E-003
  3.428471291156908E-002 -5.559806281275672E-004  6.331483522976719E-003
 -7.927071963340816E-002  0.238109609769016      -0.282218262907069     
  2.111781961219611E-006 -1.604156704719853E-006  9.938118414570476E-008
 -8.977534233018354E-002 -8.748693619376104E-002 -2.259945424635163E-002
 -3.492307680627311E-002 -2.798944369828021E-002 -5.702421004993430E-003
  0.113158980830692       0.104208966068299       2.422602951949716E-002
  5.104693448607095E-003  6.664791312957679E-003  2.366306046383405E-003
  5.556596156723344E-003  5.982185969627961E-003  9.365808741800151E-004
  8.778773951726260E-004 -1.379013180330201E-003  7.737748714055011E-004
  2.713052619313665E-007 -5.502785135927501E-007 -8.160601210348060E-007
 -9.229837771940587E-002 -0.250979386972572      -4.693675466740426E-002
  5.777000295853632E-004  1.211234599677962E-002  1.513384352279107E-003
  0.104208966068299       0.264285782193869       5.243872645206607E-002
 -8.562670550931012E-003 -1.850838405744669E-002 -6.483705531237789E-003
 -3.374001795462581E-003 -7.827898703908752E-003 -8.926484234775604E-004
 -5.512887022645787E-004  9.175096317109331E-004  3.647413149354601E-004
 -3.273298207698047E-007  3.191156751018826E-008 -3.743497161030481E-006
 -2.248876799950776E-002 -4.848370433934453E-002 -6.623414602560464E-002
  1.341515483919813E-003  4.084440547296415E-003  4.659741300614050E-003
  2.422602951949717E-002  5.243872645206606E-002  6.114433247413204E-002
  9.577133497626107E-003  2.043200207441271E-002  6.136386623699672E-003
 -1.184993567320082E-002 -2.775985052078284E-002 -5.329682299839443E-003
 -8.036208155854929E-004 -7.138866989069688E-004 -3.786853203270725E-004
 -2.354012749094305E-006  2.272485259032494E-006  2.053247325463291E-006
 -6.127269115211585E-002  3.898880531252222E-002 -3.922545990143975E-002
 -2.259827537686602E-002  2.891510808002291E-002 -2.826916560237868E-002
  5.104693448607095E-003 -8.562670550931011E-003  9.577133497626109E-003
  8.321930386422292E-002 -5.474175495863893E-002  5.269366161908723E-002
  3.389734563890687E-003 -5.854651492629593E-003  4.481830009605646E-003
 -7.843073609961995E-003  1.254795962078281E-003  7.437353816917684E-004
  3.082622231479833E-007  3.676475762255146E-007 -1.735004192363393E-006
  4.833250024291012E-002 -0.177992067637931       0.125636131020110     
  3.480037779417842E-003  6.949396865303154E-004  1.302303158782630E-003
  6.664791312957670E-003 -1.850838405744667E-002  2.043200207441271E-002
 -5.474175495863893E-002  0.186268458218304      -0.137637942626730     
 -3.497019135160478E-003  8.475605969808307E-003 -8.471059096102679E-003
 -2.360765063648906E-004  1.059946710442835E-003 -1.264915558933286E-003
 -2.478735121436794E-006  1.501110292485995E-006  3.481028460310207E-006
 -4.930952686593147E-002  0.126889616430220      -0.178057891769943     
 -2.087457541831660E-004 -2.695468277684490E-003  4.668627306305916E-003
  2.366306046383402E-003 -6.483705531237790E-003  6.136386623699670E-003
  5.269366161908721E-002 -0.137637942626730       0.184633204076880     
 -6.947963176581948E-003  2.109796862000106E-002 -1.887354359290657E-002
  1.405588738026971E-003 -1.169468709596791E-003  1.494167016785681E-003
  6.793931986811811E-007 -9.999049722326914E-007 -9.496608219193964E-007
 -6.257327264472742E-002  1.780751956668887E-002  4.925813508191245E-002
 -2.819028548935094E-002  1.296869601613558E-002  3.428471291156906E-002
  5.556596156723348E-003 -3.374001795462572E-003 -1.184993567320082E-002
  3.389734563890686E-003 -3.497019135160478E-003 -6.947963176581948E-003
  8.009744399233677E-002 -2.288358824642850E-002 -6.606190781005264E-002
  1.721983233087103E-003 -1.019553187291009E-003  1.326405704520431E-003
 -2.199811960582218E-006 -2.053218482943982E-006 -9.447038165577355E-006
  1.770948310736882E-002 -7.880195413201645E-002 -7.220541290960336E-002
  4.484217812911086E-003  2.753841595143073E-003 -5.559806281275942E-004
  5.982185969627978E-003 -7.827898703908740E-003 -2.775985052078283E-002
 -5.854651492629601E-003  8.475605969808299E-003  2.109796862000107E-002
 -2.288358824642851E-002  7.554113857219272E-002  8.024175890750387E-002
  5.614801949935974E-004 -1.396680400573423E-004 -8.270039777980411E-004
  8.726541578346564E-007 -1.065261160326265E-006  8.520508805731654E-006
  5.502619626388359E-002 -7.137283470971793E-002 -0.266094037000345     
  4.970866374525217E-003  2.699040254322168E-005  6.331483522976744E-003
  9.365808741800121E-004 -8.926484234775593E-004 -5.329682299839436E-003
  4.481830009605643E-003 -8.471059096102662E-003 -1.887354359290656E-002
 -6.606190781005267E-002  8.024175890750387E-002  0.282879646360403     
  6.532017172565370E-004  4.602598528157557E-004  1.060925716595626E-003
 -6.767429394113601E-006  7.533066439715982E-006  2.520729311129077E-005
 -1.945151386449888E-002  3.026085000734039E-002 -3.367377195606928E-002
 -8.383408926701262E-002  7.550129719146884E-002 -7.927071963340818E-002
  8.778773951726347E-004 -5.512887022645760E-004 -8.036208155854993E-004
 -7.843073609962016E-003 -2.360765063648798E-004  1.405588738026975E-003
  1.721983233087095E-003  5.614801949936043E-004  6.532017172565266E-004
  0.108529865728857      -0.105535784079571       0.111690559921480     
 -1.049615644014522E-006 -4.781056040597359E-007 -1.237971700167496E-006
 -4.231815073636463E-003 -2.500304317745234E-003  3.055069542427730E-003
  0.110911215043755      -0.210232738582145       0.238109609769017     
 -1.379013180330197E-003  9.175096317109304E-004 -7.138866989069732E-004
  1.254795962078299E-003  1.059946710442835E-003 -1.169468709596787E-003
 -1.019553187290993E-003 -1.396680400573644E-004  4.602598528157476E-004
 -0.105535784079571       0.210895442516367      -0.239741005011987     
  1.545149968963552E-007 -1.879185708169738E-007 -5.787437707040801E-007
  8.938941225180949E-003 -3.227359683270739E-003  1.899038871120625E-003
 -0.123471405231888       0.244693764682812      -0.282218262907069     
  7.737748714054873E-004  3.647413149354558E-004 -3.786853203270878E-004
  7.437353816917497E-004 -1.264915558933288E-003  1.494167016785660E-003
  1.326405704520422E-003 -8.270039777980426E-004  1.060925716595639E-003
  0.111690559921480      -0.239741005011987       0.278139326743497     
 -2.011872392708724E-006  1.778234238658752E-006  3.489879398272758E-006
 -1.183610533703464E-006 -7.702603676899002E-007  1.862606354962902E-007
 -2.231957396631143E-007  3.569051999331821E-007  2.111781961187838E-006
  2.713052619313490E-007 -3.273298207696797E-007 -2.354012749095256E-006
  3.082622231604392E-007 -2.478735121440759E-006  6.793931986797762E-007
 -2.199811960581864E-006  8.726541578420095E-007 -6.767429394107667E-006
 -1.049615644013213E-006  1.545149968920733E-007 -2.011872392697819E-006
  4.076666392869736E-006  2.192250955232885E-006  8.155878740536971E-006
  4.229788297755949E-007 -3.188952666528255E-006  7.287744137739791E-009
  9.872523936242246E-008  6.671505966487301E-007 -1.604156704712463E-006
 -5.502785135927210E-007  3.191156751198595E-008  2.272485259036897E-006
  3.676475762238667E-007  1.501110292485523E-006 -9.999049722328555E-007
 -2.053218482944072E-006 -1.065261160323019E-006  7.533066439722597E-006
 -4.781056040563379E-007 -1.879185708262420E-007  1.778234238657503E-006
  2.192250955231380E-006  2.241959941031479E-006 -8.987012004609567E-006
  3.466244424534356E-006  4.888102822794580E-007 -7.036981480418247E-006
  1.613951014068219E-006  8.189053880094916E-007  9.938118414262795E-008
 -8.160601210306635E-007 -3.743497161022568E-006  2.053247325461325E-006
 -1.735004192368030E-006  3.481028460316360E-006 -9.496608219044974E-007
 -9.447038165569495E-006  8.520508805746308E-006  2.520729311132470E-005
 -1.237971700162789E-006 -5.787437707184113E-007  3.489879398273072E-006
  8.155878740528816E-006 -8.987012004609999E-006 -2.286315871687946E-005
 Masses in au
   21874.6618111745        29156.9463602902        1837.15258665392     
   1837.15258665392        1837.15258665392        1837.15258665392     
   1837.15258665392     
