 Coordinates, Gradient and Hessian of a Structure written by dl-find
           7           1           1
  0.000000000000000E+000
 Energy
  -116.096567561768     
 Coordinates
  -8.00789191428669        1.08178574483180      -2.389653852341970E-002
  -5.40564645791713       0.897057971485007      -0.217556293917956     
  -9.04480515463010      -0.686190365092546      -0.157254549167343     
  -8.70463734765827        2.59948173112417       -1.20554602272442     
  -8.60618050979005        1.97781702782052        2.76341249562103     
  -4.83689901448109      -0.481279555088802       0.817052235786638     
  -8.74134188658896        2.43355125787199        4.42658852218575     
 Gradient
 -1.068644027164637E-002  3.850387762124461E-003  1.291136481352858E-002
  7.984294461296797E-003 -1.712085628012990E-003 -3.003909314664231E-003
  6.036456824801255E-004  6.291665646902117E-004 -3.422107738231467E-003
  5.100984644586075E-004 -1.698855475976362E-003 -1.987753874108266E-003
  3.358718414649864E-003 -1.014261445410009E-002 -3.631732669242783E-002
  2.383764269939880E-004  6.824949583878329E-004  7.393005158683671E-004
 -2.008693178235405E-003  8.391506272876596E-003  3.108043229004262E-002
 Hessian
  0.507344632464074       2.094549490552488E-002  7.448336981616230E-002
 -0.296436353341418       3.550395403880256E-002  1.080031641715133E-002
 -0.109572026912733      -0.116502426479375      -1.974638666864073E-002
 -7.488350840359648E-002  6.619139739046057E-002 -6.227889961115905E-002
 -8.001718490320501E-003 -5.258134192648985E-003 -1.754901446678842E-002
 -2.059519879712907E-002 -3.064556055038908E-003  6.537142077305188E-003
  2.144173481122177E-003  2.184270392271129E-003  7.753472435972554E-003
  2.094549490552488E-002  0.579193161671054      -0.163530915227533     
 -7.725304263884059E-003 -8.579906259391575E-002  3.040294663095865E-002
 -0.105339119201231      -0.272000160697764      -2.105943782064172E-002
  5.535163964667994E-002 -0.210992988558193       0.150132092431489     
 -4.342216502269407E-003 -5.399436184612557E-003  2.854288690945567E-002
  3.907918898958380E-002 -3.565701373347274E-003 -4.430449138776529E-003
  2.030316425597417E-003 -1.435812263213859E-003 -2.005712378495744E-002
  7.448336981616227E-002 -0.163530915227533       0.186343383988168     
  1.392146215117445E-002  2.585400728224654E-002 -4.459454486369992E-002
 -8.430638030399958E-003 -1.000448517989496E-003 -2.882263533406342E-002
 -4.642187581840745E-002  0.128958913457072      -0.134753721602242     
 -1.540635364237945E-002  2.802489887923838E-002  8.214113325592295E-002
 -2.577201703753030E-002  9.072501128485793E-004  2.330211842781964E-003
  7.626052561385572E-003 -1.921370598586019E-002 -6.264382728688388E-002
 -0.296436353341418      -7.725304263884048E-003  1.392146215117445E-002
  0.432004502652474      -0.127273014556659       6.611864345131048E-002
 -2.973317179012742E-002  3.497543563257714E-003  3.956116376651310E-003
 -1.973691790465949E-002  1.831259519299152E-003  8.899349803563444E-004
 -8.401339591269097E-003  2.475153831275723E-003  6.368318233207312E-003
 -8.015657655070045E-002  0.127157367531418      -9.315111629543887E-002
  2.459856525701347E-003  3.699437529584006E-005  1.896641102736565E-003
  3.550395403880256E-002 -8.579906259391573E-002  2.585400728224656E-002
 -0.127273014556659       0.381004875618468      -0.252685659579638     
 -2.808592660685396E-002  1.224182954665339E-002  5.292853128333297E-003
  3.087392665258078E-002  1.521586818913116E-003 -5.398950964972267E-003
  4.299919838801343E-003 -2.308040513623778E-004 -4.296791666162567E-003
  8.535268051099468E-002 -0.309072530663870       0.230247913191588     
 -6.715398776678887E-004  3.341053251057981E-004  9.866286086108733E-004
  1.080031641715132E-002  3.040294663095864E-002 -4.459454486369987E-002
  6.611864345131049E-002 -0.252685659579639       0.218076837898360     
 -3.103565496451685E-003 -1.545141238005414E-003  5.356868904694318E-003
 -2.325804890618746E-002  5.268307074973252E-004  4.160426144533140E-003
  1.125229850768365E-002 -3.560106437094756E-003 -9.156065824517621E-003
 -6.012572107066807E-002  0.225470679602475      -0.178165396931460     
 -1.683922902837688E-003  1.390450313811277E-003  4.321874672088303E-003
 -0.109572026912733      -0.105339119201231      -8.430638030399952E-003
 -2.973317179012741E-002 -2.808592660685398E-002 -3.103565496451694E-003
  0.128943525451556       0.125214613945851       9.938083216425243E-003
  7.815192175817665E-003  8.395035753247822E-003  1.295920059452766E-004
  9.970019397245282E-004  9.577760670674106E-004  1.980615189770053E-004
  1.617997499122408E-003 -1.143691827861770E-003  1.563522364467187E-003
 -6.851836336039422E-005  1.311869780349362E-006 -2.950555789630893E-004
 -0.116502426479375      -0.272000160697764      -1.000448517989495E-003
  3.497543563257702E-003  1.224182954665344E-002 -1.545141238005430E-003
  0.125214613945851       0.272411631750786       7.781953389981611E-003
 -1.041511927335820E-002 -1.272624455962748E-002 -5.241195484211771E-003
 -1.042297386481762E-003 -1.889167613886373E-003  4.525190642894358E-004
 -1.021687187354672E-003  1.499373382497209E-003  1.911591449983699E-004
  2.693728174611670E-004  4.627381913415573E-004 -6.388463590628337E-004
 -1.974638666864074E-002 -2.105943782064173E-002 -2.882263533406340E-002
  3.956116376651310E-003  5.292853128333294E-003  5.356868904694324E-003
  9.938083216425244E-003  7.781953389981613E-003  2.543771034406889E-002
  8.256259574832272E-003  1.672560019225328E-002  5.493541869952506E-003
 -1.812064656148483E-003 -8.611016688881323E-003 -7.859552647193341E-003
 -6.505177805778791E-004 -1.433271421131409E-003 -1.211464903181692E-003
  5.850993745792310E-005  1.303319220084772E-003  1.605531765723845E-003
 -7.488350840359649E-002  5.535163964667992E-002 -4.642187581840743E-002
 -1.973691790465946E-002  3.087392665258075E-002 -2.325804890618744E-002
  7.815192175817654E-003 -1.041511927335820E-002  8.256259574832272E-003
  9.367323309423592E-002 -7.524304140990543E-002  6.094283022719423E-002
  5.583833901760419E-004 -1.034492192557494E-003  4.982209859697939E-004
 -7.296739269223054E-003  4.054145899033484E-004  1.929396238200284E-004
 -1.296430827506037E-004  6.167198665721180E-005 -2.103256872215417E-004
  6.619139739046055E-002 -0.210992988558193       0.128958913457072     
  1.831259519299148E-003  1.521586818913091E-003  5.268307074973225E-004
  8.395035753247836E-003 -1.272624455962752E-002  1.672560019225327E-002
 -7.524304140990543E-002  0.218560706863238      -0.142670138384959     
 -3.653541803885002E-004  8.665989854550462E-004 -4.588683326236623E-003
 -7.441663360446022E-004  2.447815495504532E-003  2.377120705302996E-005
 -6.513073666921994E-005  3.225249547085711E-004  1.023706147320651E-003
 -6.227889961115909E-002  0.150132092431489      -0.134753721602242     
  8.899349803563521E-004 -5.398950964972280E-003  4.160426144533149E-003
  1.295920059452798E-004 -5.241195484211769E-003  5.493541869952503E-003
  6.094283022719423E-002 -0.142670138384959       0.128965193252778     
 -1.284987416352200E-003  3.917946697736206E-003 -7.564421776673913E-003
  1.428269881483763E-003 -9.996936142000692E-006  2.461580307545167E-003
  1.732599325312804E-004 -7.297573589416589E-004  1.237401804108224E-003
 -8.001718490320511E-003 -4.342216502269396E-003 -1.540635364237945E-002
 -8.401339591269097E-003  4.299919838801380E-003  1.125229850768367E-002
  9.970019397245245E-004 -1.042297386481763E-003 -1.812064656148483E-003
  5.583833901760511E-004 -3.653541803885044E-004 -1.284987416352204E-003
  4.429398010732061E-002  2.314838411842543E-003  9.863935160427230E-003
  1.144000892309213E-005 -2.929704946425106E-004  3.715134903216841E-004
 -2.945774736455407E-002 -5.719196868597828E-004 -2.984341443553985E-003
 -5.258134192648989E-003 -5.399436184612538E-003  2.802489887923837E-002
  2.475153831275716E-003 -2.308040513624001E-004 -3.560106437094757E-003
  9.577760670674145E-004 -1.889167613886378E-003 -8.611016688881323E-003
 -1.034492192557497E-003  8.665989854550614E-004  3.917946697736202E-003
  2.314838411842538E-003  3.614522020225973E-002 -1.964038977762727E-002
  2.860778541342822E-004  2.188422282750214E-004 -8.244832113285533E-005
  2.587802208857464E-004 -2.971125356613103E-002 -4.888435223589879E-005
 -1.754901446678840E-002  2.854288690945567E-002  8.214113325592293E-002
  6.368318233207319E-003 -4.296791666162585E-003 -9.156065824517619E-003
  1.980615189770056E-004  4.525190642894425E-004 -7.859552647193341E-003
  4.982209859697930E-004 -4.588683326236609E-003 -7.564421776673927E-003
  9.863935160427226E-003 -1.964038977762727E-002 -2.259847417588381E-002
  2.499458779608989E-005  1.329832954038976E-003  7.473506195592674E-004
  5.954839804112044E-004 -1.799374157755738E-003 -3.570996945121432E-002
 -2.059519879712908E-002  3.907918898958381E-002 -2.577201703753031E-002
 -8.015657655070045E-002  8.535268051099468E-002 -6.012572107066808E-002
  1.617997499122405E-003 -1.021687187354668E-003 -6.505177805778696E-004
 -7.296739269223060E-003 -7.441663360446076E-004  1.428269881483765E-003
  1.144000892308942E-005  2.860778541342729E-004  2.499458779608991E-005
  0.106459596644068      -0.122924738620654       8.497479637363334E-002
 -4.051953506105388E-005 -2.735521066231638E-005  1.201950458647280E-004
 -3.064556055038901E-003 -3.565701373347287E-003  9.072501128485695E-004
  0.127157367531418      -0.309072530663870       0.225470679602475     
 -1.143691827861764E-003  1.499373382497247E-003 -1.433271421131404E-003
  4.054145899032562E-004  2.447815495504584E-003 -9.996936142002373E-006
 -2.929704946425083E-004  2.188422282750287E-004  1.329832954038968E-003
 -0.122924738620654       0.308622962171015      -0.226186429723677     
 -1.368251231231055E-004 -1.507612400661480E-004 -7.806458841631004E-005
  6.537142077305181E-003 -4.430449138776526E-003  2.330211842781962E-003
 -9.315111629543889E-002  0.230247913191588      -0.178165396931460     
  1.563522364467168E-003  1.911591449983723E-004 -1.211464903181699E-003
  1.929396238200152E-004  2.377120705298630E-005  2.461580307545159E-003
  3.715134903216969E-004 -8.244832113285985E-005  7.473506195592582E-004
  8.497479637363332E-002 -0.226186429723677       0.174211399693895     
 -4.887976341095310E-004  2.364836399421555E-004 -3.736806291370269E-004
  2.144173481122170E-003  2.030316425597415E-003  7.626052561385587E-003
  2.459856525701360E-003 -6.715398776678926E-004 -1.683922902837690E-003
 -6.851836336040058E-005  2.693728174611689E-004  5.850993745791917E-005
 -1.296430827506117E-004 -6.513073666921843E-005  1.732599325312837E-004
 -2.945774736455406E-002  2.587802208857479E-004  5.954839804112035E-004
 -4.051953506105301E-005 -1.368251231230898E-004 -4.887976341095494E-004
  2.509239833890271E-002 -1.684973726483077E-003 -6.280585874839493E-003
  2.184270392271125E-003 -1.435812263213872E-003 -1.921370598586020E-002
  3.699437529585062E-005  3.341053251057985E-004  1.390450313811272E-003
  1.311869780351024E-006  4.627381913415512E-004  1.303319220084772E-003
  6.167198665721642E-005  3.225249547085606E-004 -7.297573589416450E-004
 -5.719196868597856E-004 -2.971125356613103E-002 -1.799374157755736E-003
 -2.735521066231988E-005 -1.507612400661366E-004  2.364836399421485E-004
 -1.684973726483076E-003  3.017845859825158E-002  1.881258432872154E-002
  7.753472435972564E-003 -2.005712378495742E-002 -6.264382728688386E-002
  1.896641102736569E-003  9.866286086108521E-004  4.321874672088308E-003
 -2.950555789630868E-004 -6.388463590628325E-004  1.605531765723848E-003
 -2.103256872215484E-004  1.023706147320658E-003  1.237401804108224E-003
 -2.984341443553985E-003 -4.888435223590782E-005 -3.570996945121431E-002
  1.201950458647280E-004 -7.806458841630654E-005 -3.736806291370234E-004
 -6.280585874839490E-003  1.881258432872154E-002  9.156266912532871E-002
 Masses in au
   21874.6618111745        29156.9463602902        1837.15258665392     
   1837.15258665392        1837.15258665392        1837.15258665392     
   1837.15258665392     
