 Coordinates, Gradient and Hessian of a Structure written by dl-find
           7           1           1
  0.000000000000000E+000
 Energy
  -116.097176739554     
 Coordinates
  -7.99116065235330        1.10453465235247       7.589973760389390E-002
  -5.41560116003517       0.894458652459349      -0.231764770755558     
  -9.02324129470012      -0.658673488227173      -0.177981449158057     
  -8.69759131282070        2.57371436320388       -1.16279775997848     
  -8.49944345660033        1.78707557731244        2.13580195634331     
  -4.81457019319772      -0.539694974683899       0.670688181381105     
  -8.94024204299408        2.45134190057294        4.21578195396452     
 Gradient
  1.631762506111005E-002 -4.568930007893622E-003 -1.504556900320670E-002
 -1.452549380271210E-002 -4.162368598242945E-003  7.687137959427329E-003
  9.702137216572917E-004  1.790988819504099E-003  2.711629240081604E-003
  6.978714398540818E-004 -5.789080416437340E-004  3.337094504071343E-003
 -2.773108557346487E-003  4.236172911341347E-003  1.300100079806861E-002
 -2.120171712090230E-003  5.652020562130019E-003 -4.075191228668304E-003
  1.433063849528257E-003 -2.368975645195357E-003 -7.616102269773809E-003
 Hessian
  0.547697717816497       7.952961475069055E-003  5.691019529948611E-002
 -0.308730792993972       4.121855672058317E-002  1.830133547452734E-002
 -0.104165209095771      -0.106418946080352      -2.302278677152043E-002
 -7.283069129863108E-002  6.199936734981157E-002 -6.198481507941636E-002
 -3.877401933601509E-002 -6.623980989463227E-003 -1.905479316259846E-002
 -2.150954017132587E-002 -5.106454102600918E-003  7.284288797888625E-003
 -1.687464920783391E-003  6.978495626952503E-003  2.156657544163299E-002
  7.952961475069055E-003  0.596243093019815      -9.459784194018755E-002
 -5.163427500827968E-003 -8.438294111216814E-002  2.165790668554676E-002
 -9.840662856385507E-002 -0.257499853183939      -3.095686229480154E-002
  5.340812530905716E-002 -0.195891924728357       0.134451703976101     
 -2.878690673329542E-003 -5.181514325056575E-002 -4.393597430331472E-003
  4.050837616879388E-002 -3.026400696092272E-003 -5.399193084718023E-003
  4.579283785093035E-003 -3.626830048692767E-003 -2.076211591160879E-002
  5.691019529948615E-002 -9.459784194018764E-002  0.382116717105259     
  2.819987656892363E-002  1.761650704158350E-002 -6.123629867919490E-002
 -1.608898209372814E-002 -2.540017571027794E-002 -4.595844980263371E-002
 -4.776403014182511E-002  0.127569155722066      -0.150854018662590     
 -1.146056896526687E-002 -4.516892179045047E-003 -6.548774805590114E-002
 -2.435435729898797E-002  1.735323498665409E-004  1.914533788110175E-003
  1.455786663139744E-002 -2.084428528400580E-002 -6.049473569304949E-002
 -0.308730792993972      -5.163427500827977E-003  2.819987656892367E-002
  0.479221914769342      -0.164199784942189       3.629955640305249E-002
 -3.441106827746707E-002  2.235535032329534E-003  6.496597979617799E-003
 -2.325285417623785E-002  5.096777336744247E-003  3.613793748144964E-003
 -2.799985117937547E-002  1.045264440305133E-002  2.620686813005900E-002
 -8.809082490581570E-002  0.154668980532280      -9.228692600210447E-002
  3.263476763528198E-003 -3.090724861388342E-003 -8.529766827693205E-003
  4.121855672058315E-002 -8.438294111216807E-002  1.761650704158350E-002
 -0.164199784942189       0.428603176887199      -0.244405547838733     
 -2.897199353407656E-002  1.242690858916498E-002  5.721673064409425E-003
  3.233545482942436E-002 -1.111315222706824E-004 -6.353103702739122E-003
  1.336934701511617E-002  1.286749302212281E-003 -6.779330198160296E-003
  0.107289681478921      -0.358783063390836       0.231378142911399     
 -1.041261567781514E-003  9.603012466972384E-004  2.821658722240017E-003
  1.830133547452734E-002  2.165790668554681E-002 -6.123629867919488E-002
  3.629955640305249E-002 -0.244405547838733       0.195124303961503     
 -3.834978963805484E-003  4.048991477214930E-004  4.304853011514125E-003
 -2.342429652576671E-002  2.879915527114792E-004  6.832260551905112E-003
  3.450035155533705E-002 -4.143341332876881E-003 -4.382241960998690E-003
 -5.985819009835221E-002  0.224616743264928      -0.144811748400377     
 -1.983777844991353E-003  1.581348520703021E-003  4.168871515648545E-003
 -0.104165209095771      -9.840662856385508E-002 -1.608898209372815E-002
 -3.441106827746706E-002 -2.897199353407657E-002 -3.834978963805493E-003
  0.126591168769589       0.117932643983315       1.652808806010314E-002
  6.621750898397307E-003  8.540608506007781E-003  2.257133155850918E-003
  3.578453139704474E-003  2.631559271758246E-003  7.143046395415033E-004
  1.810040212954009E-003 -1.585157708534408E-003  1.254028892043066E-003
 -2.513564740672998E-005 -1.410319546148258E-004 -8.295936900049798E-004
 -0.106418946080352      -0.257499853183939      -2.540017571027793E-002
  2.235535032329541E-003  1.242690858916494E-002  4.048991477214911E-004
  0.117932643983315       0.266185164445484       3.241825988135066E-002
 -9.598372559514687E-003 -1.551518756101062E-002 -6.303220232934980E-003
 -3.526817604125847E-003 -7.733656998080397E-003 -1.323542352020430E-003
 -8.459582373709316E-004  1.841254493375221E-003  4.592568492030735E-004
  2.219154657187958E-004  2.953702150059892E-004 -2.554775830418711E-004
 -2.302278677152042E-002 -3.095686229480153E-002 -4.595844980263371E-002
  6.496597979617802E-003  5.721673064409412E-003  4.304853011514117E-003
  1.652808806010313E-002  3.241825988135065E-002  4.596445180257577E-002
  9.958953326278771E-003  1.789081032331711E-002  5.011647334934209E-003
 -8.171185871387513E-003 -2.674109493544950E-002 -1.356941168449072E-002
 -1.014531972071940E-003 -3.582681029780623E-004 -2.859155613648614E-004
 -7.751347510205618E-004  2.025482064152098E-003  4.532824899465113E-003
 -7.283069129863108E-002  5.340812530905716E-002 -4.776403014182513E-002
 -2.325285417623785E-002  3.233545482942426E-002 -2.342429652576675E-002
  6.621750898397318E-003 -9.598372559514677E-003  9.958953326278771E-003
  9.447208977804321E-002 -7.314888289193469E-002  5.982972985304288E-002
  2.503781493977037E-003 -2.796363356527964E-003  2.273412525999177E-003
 -7.413068197886085E-003 -3.090261509003695E-005 -3.285040140125564E-004
 -1.010084976624609E-004 -1.690587154140596E-004 -5.452650237164336E-004
  6.199936734981157E-002 -0.195891924728357       0.127569155722066     
  5.096777336744251E-003 -1.111315222707090E-004  2.879915527114464E-004
  8.540608506007782E-003 -1.551518756101062E-002  1.789081032331710E-002
 -7.314888289193468E-002  0.203613051127492      -0.137540122600076     
 -1.659008328997898E-003  4.768261864895449E-003 -1.030180118328585E-002
 -3.375038842158280E-004  2.271859378806333E-003 -3.557495570136107E-004
 -4.913580874157049E-004  8.650714404447048E-004  2.449715742280116E-003
 -6.198481507941637E-002  0.134451703976101      -0.150854018662590     
  3.613793748144961E-003 -6.353103702739136E-003  6.832260551905101E-003
  2.257133155850916E-003 -6.303220232934976E-003  5.011647334934224E-003
  5.982972985304288E-002 -0.137540122600076       0.157657206055108     
 -5.288925257510430E-003  1.621719381282140E-002 -2.316307572275696E-002
  1.997914488733919E-003 -9.249595295798137E-004  1.187438181139594E-003
 -4.248309088470219E-004  4.525082764077583E-004  3.328542262260275E-003
 -3.877401933601508E-002 -2.878690673329535E-003 -1.146056896526687E-002
 -2.799985117937549E-002  1.336934701511615E-002  3.450035155533702E-002
  3.578453139704476E-003 -3.526817604125845E-003 -8.171185871387519E-003
  2.503781493977048E-003 -1.659008328997896E-003 -5.288925257510428E-003
  6.045011756789069E-002 -1.211139731423677E-003 -2.001978671724640E-003
  6.768553564123716E-004 -1.253356736459164E-003  1.330339044238898E-003
 -4.353370425937860E-004 -2.840333940780108E-003 -8.908031833686410E-003
 -6.623980989463238E-003 -5.181514325056576E-002 -4.516892179045051E-003
  1.045264440305134E-002  1.286749302212283E-003 -4.143341332876868E-003
  2.631559271758249E-003 -7.733656998080397E-003 -2.674109493544950E-002
 -2.796363356527966E-003  4.768261864895444E-003  1.621719381282140E-002
 -1.211139731423679E-003  5.145368826076169E-002  8.176874669585926E-003
  1.501206892997285E-004  4.522007926998220E-004 -1.083287764082084E-003
 -2.602840286694472E-003  1.587900028076938E-003  1.209054772904611E-002
 -1.905479316259844E-002 -4.393597430331463E-003 -6.548774805590112E-002
  2.620686813005900E-002 -6.779330198160300E-003 -4.382241960998708E-003
  7.143046395415011E-004 -1.323542352020430E-003 -1.356941168449072E-002
  2.273412525999176E-003 -1.030180118328585E-002 -2.316307572275697E-002
 -2.001978671724643E-003  8.176874669585932E-003  7.269948996568780E-002
 -1.950796348826116E-004  2.831606996590389E-003 -2.200511518827355E-004
 -7.942733826391938E-003  1.178978949762131E-002  3.412303861034231E-002
 -2.150954017132586E-002  4.050837616879386E-002 -2.435435729898798E-002
 -8.809082490581571E-002  0.107289681478921      -5.985819009835220E-002
  1.810040212954017E-003 -8.459582373709456E-004 -1.014531972071941E-003
 -7.413068197886084E-003 -3.375038842158293E-004  1.997914488733914E-003
  6.768553564123754E-004  1.501206892997249E-004 -1.950796348826076E-004
  0.114651767449133      -0.146911112528056       8.303615336237374E-002
 -1.252297434727224E-004  1.463963126279112E-004  3.880911531869604E-004
 -5.106454102600918E-003 -3.026400696092300E-003  1.735323498665445E-004
  0.154668980532281      -0.358783063390836       0.224616743264928     
 -1.585157708534387E-003  1.841254493375238E-003 -3.582681029780757E-004
 -3.090261509011234E-005  2.271859378806343E-003 -9.249595295798070E-004
 -1.253356736459180E-003  4.522007926998332E-004  2.831606996590394E-003
 -0.146911112528056       0.357756756397498      -0.225203865248385     
  2.180031584626104E-004 -5.126069754498309E-004 -1.134789730441443E-003
  7.284288797888634E-003 -5.399193084718033E-003  1.914533788110161E-003
 -9.228692600210447E-002  0.231378142911399      -0.144811748400377     
  1.254028892043076E-003  4.592568492030753E-004 -2.859155613648521E-004
 -3.285040140125476E-004 -3.557495570136041E-004  1.187438181139594E-003
  1.330339044238882E-003 -1.083287764082075E-003 -2.200511518827341E-004
  8.303615336237374E-002 -0.225203865248385       0.141957659105212     
 -2.893800804286916E-004  2.046958935959542E-004  2.580840391626664E-004
 -1.687464920783391E-003  4.579283785093047E-003  1.455786663139744E-002
  3.263476763528191E-003 -1.041261567781508E-003 -1.983777844991350E-003
 -2.513564740672929E-005  2.219154657188025E-004 -7.751347510205567E-004
 -1.010084976624497E-004 -4.913580874157007E-004 -4.248309088470146E-004
 -4.353370425937744E-004 -2.602840286694469E-003 -7.942733826391934E-003
 -1.252297434727134E-004  2.180031584626036E-004 -2.893800804286792E-004
 -8.893009116093645E-004 -8.837424673827221E-004 -3.142009219717889E-003
  6.978495626952505E-003 -3.626830048692769E-003 -2.084428528400580E-002
 -3.090724861388341E-003  9.603012466972495E-004  1.581348520703011E-003
 -1.410319546148292E-004  2.953702150059941E-004  2.025482064152098E-003
 -1.690587154140609E-004  8.650714404447136E-004  4.525082764077582E-004
 -2.840333940780111E-003  1.587900028076944E-003  1.178978949762131E-002
  1.463963126279105E-004 -5.126069754498323E-004  2.046958935959585E-004
 -8.837424673827206E-004  4.307940939176182E-004  4.790461031525641E-003
  2.156657544163299E-002 -2.076211591160880E-002 -6.049473569304949E-002
 -8.529766827693221E-003  2.821658722240024E-003  4.168871515648551E-003
 -8.295936900049833E-004 -2.554775830418676E-004  4.532824899465113E-003
 -5.452650237164408E-004  2.449715742280110E-003  3.328542262260282E-003
 -8.908031833686408E-003  1.209054772904611E-002  3.412303861034229E-002
  3.880911531869648E-004 -1.134789730441450E-003  2.580840391626594E-004
 -3.142009219717887E-003  4.790461031525641E-003  1.408337436617053E-002
 Masses in au
   21874.6618111745        29156.9463602902        1837.15258665392     
   1837.15258665392        1837.15258665392        1837.15258665392     
   1837.15258665392     
