 Coordinates, Gradient and Hessian of a Structure written by dl-find
           7           1           1
  0.000000000000000E+000
 Energy
  -116.109342239117     
 Coordinates
  -8.03185289248933        1.06749978920099      -2.465129535282580E-002
  -5.36657446942239       0.878500666676670      -0.260780767783093     
  -8.97121447403635      -0.685987975366884      -0.570786269533301     
  -8.65436135874824        2.56489293016595       -1.29368740965453     
  -8.59384324029466        1.56955991251775        1.89957761963453     
  -4.79233944872818      -0.381036736550900       0.910581044461754     
  -9.25690580767050        3.24056885610272        6.39356003073905     
 Gradient
  7.698164071309012E-004 -1.294962499344202E-003 -2.722094578309191E-004
 -6.241919610224466E-004  3.674823640673174E-004 -6.729849605681036E-004
  7.924656873282200E-004  7.212464031554293E-004  3.741113582473578E-005
 -1.312698629742031E-003  9.246136128997119E-004 -4.933999076375757E-004
  3.274472273805888E-004  2.204963793074505E-004  4.834649723173350E-004
  3.672073698185140E-005 -8.636777609813860E-004  1.126546387762510E-003
  1.044053194291233E-005 -7.519849910432703E-005 -2.088281698679883E-004
 Hessian
  0.477547876114059       1.163178728141043E-003  1.556009084173680E-002
 -0.243264739231308       2.903302264553749E-002 -6.647815174985588E-004
 -8.956489953276697E-002 -9.185015460948914E-002 -2.898221212823043E-002
 -6.413209122757228E-002  5.408802759987068E-002 -4.745514251140822E-002
 -6.076842277963484E-002  1.258058388868565E-002  5.298019327033954E-002
 -1.984051390660053E-002 -5.038142482733434E-003  8.498125899729949E-003
  2.279056382412574E-005  2.348422998781119E-005  6.372614533005205E-005
  1.163178728141044E-003  0.589691961540094      -1.929364831043368E-002
 -5.310151718476713E-003 -7.713252873419080E-002  1.807845651331858E-002
 -8.677859977934158E-002 -0.246806888829249      -6.123592754118293E-002
  4.427825829679665E-002 -0.194229803186079       0.122761622549335     
  1.311404101793290E-002 -6.916014277101676E-002 -5.649037957519096E-002
  3.351195200563220E-002 -2.375275976316703E-003 -3.705800221069272E-003
  2.132144931468606E-005  1.267795675793221E-005 -1.143234147759747E-004
  1.556009084173679E-002 -1.929364831043366E-002  0.582878698344616     
  3.431428010814842E-002  1.219866642197785E-002 -7.812338699922368E-002
 -2.868435522879611E-002 -5.960403223589301E-002 -7.312698867926508E-002
 -3.830221682587109E-002  0.121281923777405      -0.156572987581893     
  4.730802130000916E-002 -5.722416483975802E-002 -0.276770277130161     
 -3.026092250493283E-002  2.745648387589825E-003  1.949859298293138E-003
  6.510230970141995E-005 -1.043932008891770E-004 -2.349172523618176E-004
 -0.243264739231308      -5.310151718476709E-003  3.431428010814843E-002
  0.412132246352512      -0.123600216336311       6.643735028049572E-002
 -3.524497109617414E-002  5.493596820605491E-004  1.917547950810563E-003
 -2.196594037244826E-002  3.267764456474149E-003  5.208915641757635E-004
 -2.794790352980054E-002  4.043825574498336E-003  5.854338254321239E-003
 -8.373172051763904E-002  0.121064521622455      -0.109014438705907     
  2.302839485900065E-005 -1.510328070020015E-005 -2.996945204517092E-005
  2.903302264553750E-002 -7.713252873419087E-002  1.219866642197785E-002
 -0.123600216336311       0.318584956487937      -0.254978035183083     
 -2.776841357898127E-002  1.137026952076530E-002  4.971742879506689E-003
  3.059808128043046E-002  9.306761148460609E-004 -3.606437176914265E-003
  1.036750712277282E-002  2.967230385890959E-003 -4.197845550810040E-004
  8.139466206729455E-002 -0.256731090123978       0.241786351364950     
 -2.464320074575167E-005  1.048634872835586E-005  4.749624864411561E-005
 -6.647815174985820E-004  1.807845651331856E-002 -7.812338699922368E-002
  6.643735028049574E-002 -0.254978035183083       0.290639079889742     
 -7.288152720366472E-003  1.920167562068445E-003  5.161746389052276E-003
 -2.516676554488402E-002  6.182097481136648E-004  4.970250878283319E-003
  3.558957252011593E-002 -7.173206326145556E-004  5.728307363537668E-003
 -6.886924199823383E-002  0.235059919992260      -0.228422661989478     
 -3.798101962656100E-005  1.860199993814328E-005  4.666446808608273E-005
 -8.956489953276697E-002 -8.677859977934153E-002 -2.868435522879611E-002
 -3.524497109617417E-002 -2.776841357898127E-002 -7.288152720366461E-003
  0.113155890453901       0.103428002062403       3.120880420726865E-002
  5.308938977741344E-003  6.959637874175666E-003  2.917660539245404E-003
  5.366884670130596E-003  5.598808474325916E-003  1.189627772123354E-003
  9.826929349872166E-004 -1.429988303350792E-003  6.712920897121825E-004
 -4.536407819431935E-006 -9.446749230949718E-006 -1.487665918703096E-005
 -9.185015460948920E-002 -0.246806888829249      -5.960403223589301E-002
  5.493596820605529E-004  1.137026952076530E-002  1.920167562068435E-003
  0.103428002062403       0.259388044802739       6.623577349392816E-002
 -9.185042956816184E-003 -1.932092462753397E-002 -8.147941566246212E-003
 -2.426653791641825E-003 -5.622380816803358E-003 -8.066117359595951E-004
 -5.207453563527779E-004  1.009017604447859E-003  4.451182335342950E-004
  5.234969836400659E-006 -1.713765436581918E-005 -4.247375143206057E-005
 -2.898221212823044E-002 -6.123592754118293E-002 -7.312698867926505E-002
  1.917547950810571E-003  4.971742879506702E-003  5.161746389052263E-003
  3.120880420726865E-002  6.623577349392817E-002  6.874847935532706E-002
  8.872701464082058E-003  1.855850466533861E-002  6.795952035719815E-003
 -1.213331868301865E-002 -2.798467289210845E-002 -7.217564159397400E-003
 -8.878619896187007E-004 -5.534788915562429E-004 -3.495201418014352E-004
  4.339178706410451E-006  8.058286074118351E-006 -1.210479963516605E-005
 -6.413209122757228E-002  4.427825829679664E-002 -3.830221682587106E-002
 -2.196594037244828E-002  3.059808128043050E-002 -2.516676554488406E-002
  5.308938977741349E-003 -9.185042956816188E-003  8.872701464082052E-003
  8.516279416747323E-002 -6.088084670345077E-002  5.008223682531079E-002
  3.426314583423938E-003 -5.774516307696148E-003  3.712401247055038E-003
 -7.797338864021557E-003  9.644088084782988E-004  8.166628233038746E-004
 -2.677264596370256E-006 -3.424177422939979E-007 -1.501998899672138E-005
  5.408802759987070E-002 -0.194229803186079       0.121281923777405     
  3.267764456474141E-003  9.306761148460823E-004  6.182097481137001E-004
  6.959637874175673E-003 -1.932092462753398E-002  1.855850466533862E-002
 -6.088084670345079E-002  0.204074680098677      -0.132904302140045     
 -3.013324237068577E-003  7.222820050771893E-003 -6.364997271326349E-003
 -4.177990011491813E-004  1.316171736934543E-003 -1.233319660144483E-003
 -3.459988852042254E-006  6.379812382937893E-006  4.398088065880847E-005
 -4.745514251140823E-002  0.122761622549335      -0.156572987581893     
  5.208915641757653E-004 -3.606437176914239E-003  4.970250878283305E-003
  2.917660539245407E-003 -8.147941566246212E-003  6.795952035719820E-003
  5.008223682531081E-002 -0.132904302140046       0.161428003238529     
 -7.608597015523712E-003  2.316076206080361E-002 -1.779777724308000E-002
  1.537815209261922E-003 -1.246673252966235E-003  1.189696293955043E-003
  5.135388937740692E-006 -1.703047396665742E-005 -1.313762151355908E-005
 -6.076842277963485E-002  1.311404101793290E-002  4.730802130000917E-002
 -2.794790352980051E-002  1.036750712277282E-002  3.558957252011594E-002
  5.366884670130585E-003 -2.426653791641825E-003 -1.213331868301865E-002
  3.426314583423922E-003 -3.013324237068592E-003 -7.608597015523707E-003
  7.828573364981882E-002 -1.697407489543483E-002 -6.443849028647269E-002
  1.623290868482388E-003 -1.090731299623496E-003  1.221458143515038E-003
  1.410253757865435E-005  2.323608306281962E-005  6.135402137603299E-005
  1.258058388868565E-002 -6.916014277101677E-002 -5.722416483975804E-002
  4.043825574498334E-003  2.967230385890957E-003 -7.173206326145655E-004
  5.598808474325919E-003 -5.622380816803361E-003 -2.798467289210846E-002
 -5.774516307696151E-003  7.222820050771892E-003  2.316076206080361E-002
 -1.697407489543482E-002  6.477157931379608E-002  6.383288895042392E-002
  5.061146825189472E-004 -1.403456138844383E-004 -9.278862264004816E-004
  1.925858310310841E-005 -3.876054875416572E-005 -1.396064203471086E-004
  5.298019327033956E-002 -5.649037957519094E-002 -0.276770277130161     
  5.854338254321220E-003 -4.197845550809988E-004  5.728307363537650E-003
  1.189627772123358E-003 -8.066117359595936E-004 -7.217564159397408E-003
  3.712401247055042E-003 -6.364997271326335E-003 -1.779777724307998E-002
 -6.443849028647268E-002  6.383288895042391E-002  0.295520485649910     
  6.502637244453784E-004  3.946912008698290E-004  9.273953884543884E-004
  5.166601819257688E-005 -1.458070137349257E-004 -3.905698692684824E-004
 -1.984051390660053E-002  3.351195200563219E-002 -3.026092250493284E-002
 -8.373172051763904E-002  8.139466206729454E-002 -6.886924199823379E-002
  9.826929349872075E-004 -5.207453563527770E-004 -8.878619896187053E-004
 -7.797338864021576E-003 -4.177990011491760E-004  1.537815209261931E-003
  1.623290868482381E-003  5.061146825189596E-004  6.502637244453731E-004
  0.108768483742538      -0.114479628388949       9.781706974564253E-002
 -4.894257747140894E-006  5.443991004448968E-006  1.287781343582761E-005
 -5.038142482733436E-003 -2.375275976316689E-003  2.745648387589817E-003
  0.121064521622455      -0.256731090123979       0.235059919992261     
 -1.429988303350801E-003  1.009017604447853E-003 -5.534788915562448E-004
  9.644088084783127E-004  1.316171736934525E-003 -1.246673252966240E-003
 -1.090731299623511E-003 -1.403456138844484E-004  3.946912008698282E-004
 -0.114479628388949       0.256933982000944      -0.236374386057414     
  9.560043725268901E-006 -1.245962814437664E-005 -2.572137878403685E-005
  8.498125899729958E-003 -3.705800221069291E-003  1.949859298293145E-003
 -0.109014438705907       0.241786351364950      -0.228422661989478     
  6.712920897121756E-004  4.451182335342847E-004 -3.495201418014389E-004
  8.166628233038774E-004 -1.233319660144473E-003  1.189696293955052E-003
  1.221458143515054E-003 -9.278862264004813E-004  9.273953884543664E-004
  9.781706974564248E-002 -0.236374386057414       0.224693985254390     
 -1.016999599860145E-005  9.922566542261334E-006  1.124589618721076E-005
  2.279056382412329E-005  2.132144931466930E-005  6.510230970143998E-005
  2.302839485900271E-005 -2.464320074575507E-005 -3.798101962654301E-005
 -4.536407819435597E-006  5.234969836405227E-006  4.339178706411619E-006
 -2.677264596379604E-006 -3.459988852036705E-006  5.135388937740025E-006
  1.410253757865986E-005  1.925858310311301E-005  5.166601819257369E-005
 -4.894257747145235E-006  9.560043725252921E-006 -1.016999599861456E-005
 -4.781356609882416E-005 -2.727185638164817E-005 -7.809187991300926E-005
  2.348422998781464E-005  1.267795675793637E-005 -1.043932008891715E-004
 -1.510328070019806E-005  1.048634872835273E-005  1.860199993814643E-005
 -9.446749230948520E-006 -1.713765436582378E-005  8.058286074122234E-006
 -3.424177422912733E-007  6.379812382937370E-006 -1.703047396666015E-005
  2.323608306281750E-005 -3.876054875416692E-005 -1.458070137349335E-004
  5.443991004451337E-006 -1.245962814438694E-005  9.922566542250146E-006
 -2.727185638164784E-005  3.881371339514989E-005  2.306478360362508E-004
  6.372614533005559E-005 -1.143234147759874E-004 -2.349172523617867E-004
 -2.996945204517016E-005  4.749624864412427E-005  4.666446808606882E-005
 -1.487665918702969E-005 -4.247375143205878E-005 -1.210479963516619E-005
 -1.501998899671558E-005  4.398088065880681E-005 -1.313762151355117E-005
  6.135402137603111E-005 -1.396064203471088E-004 -3.905698692685186E-004
  1.287781343582791E-005 -2.572137878403403E-005  1.124589618720737E-005
 -7.809187991300426E-005  2.306478360362544E-004  5.928191785057579E-004
 Masses in au
   21874.6618111745        29156.9463602902        1837.15258665392     
   1837.15258665392        1837.15258665392        1837.15258665392     
   1837.15258665392     
