 Coordinates, Gradient and Hessian of a Structure written by dl-find
           7           1           1
  0.000000000000000E+000
 Energy
  -116.109160786109     
 Coordinates
  -7.99334366459499        1.06385469543975      -8.125975831227450E-002
  -5.41004045035512       0.900877864962627      -0.209936160120017     
  -9.05199424177609      -0.691127087028300      -7.802889263567089E-002
  -8.71466801678818        2.62804324888913       -1.17505452711801     
  -8.65973782007860        2.10069782692394        3.14204190937529     
  -4.85174225050496      -0.504135799083959       0.793408920636129     
  -8.75920774041112        2.46277795942250        4.52396197975778     
 Gradient
 -5.485322078839014E-003  5.776345618486282E-003  1.883413742594672E-002
  2.307596776960258E-003 -1.240147831355723E-003 -2.837663943117834E-003
  1.232420235268443E-004  3.197235351307930E-004 -2.008541143507951E-003
  4.049507590676019E-004 -9.326098961508348E-004 -5.096715446562998E-004
  1.398307633891131E-003 -2.774141717609144E-003 -8.561072858256210E-003
  3.352673742994860E-004  6.109306583652802E-004  9.327664436515067E-004
  9.159575110935193E-004 -1.760100366866557E-003 -5.849954380059950E-003
 Hessian
  0.550874657418794       1.250059705898207E-002  5.202742175228841E-002
 -0.335388500781156       3.940193253473332E-002  1.068644963996762E-002
 -0.116261662343487      -0.121804502880604      -8.996002423458943E-003
 -7.938903416911545E-002  7.391634314040404E-002 -6.096964750763157E-002
 -8.731161589534409E-004  7.161636836711671E-004  2.240459639046239E-003
 -2.068072910893449E-002 -4.579955272968823E-003  5.634010848279861E-003
  1.718385142852861E-003 -1.505782642179744E-004 -6.226919484916116E-004
  1.250059705898208E-002  0.589085960342174      -0.174701098219368     
 -5.565241855636223E-003 -8.537896419754082E-002  3.324744342953897E-002
 -0.109592630880432      -0.274480838273505      -2.989859500558536E-003
  6.161323693466769E-002 -0.225696410478073       0.151992594240619     
 -5.181404858448617E-004 -6.074057874573708E-004  4.720243646499840E-003
  4.044713090691963E-002 -3.514182875255615E-003 -3.546040430406884E-003
  1.115048321344093E-003  5.918412696583937E-004 -8.723283166324975E-003
  5.202742175228844E-002 -0.174701098219368       0.180576632540176     
  1.811568423963573E-002  2.784643419672815E-002 -3.346854315112217E-002
 -1.553963672863450E-004  1.980353432777521E-002 -2.141630829148523E-002
 -4.695439752054924E-002  0.129103712579479      -0.116232691038801     
 -2.277306576441824E-003  4.746104460314815E-003  1.543677796278882E-002
 -2.503433161984241E-002  1.756356593259241E-003  1.323765262201721E-003
  4.278326092197277E-003 -8.555043938190180E-003 -2.621963328375724E-002
 -0.335388500781156      -5.565241855636231E-003  1.811568423963574E-002
  0.461940106608310      -0.127228166263424       6.878658345115596E-002
 -2.819845741538788E-002  4.124456041498150E-003  9.082659890285786E-004
 -1.901817700937358E-002  4.402598328566737E-004 -4.031771040166234E-004
 -2.641662274513070E-003 -7.757873674597536E-004 -3.040211890770006E-003
 -7.850634936008088E-002  0.128017681654659      -8.916018959944204E-002
  1.813040232201834E-003  9.867979575066651E-004  4.793044914408574E-003
  3.940193253473331E-002 -8.537896419754080E-002  2.784643419672813E-002
 -0.127228166263424       0.392940744747733      -0.253469175877665     
 -2.807086614089687E-002  1.202942038416053E-002  4.693475241050794E-003
  3.112308163115562E-002  2.238611714452087E-003 -5.220296228942842E-003
  1.304141223542912E-003 -1.397303055681777E-005 -5.224405527533880E-004
  8.394618974814008E-002 -0.321733764239952       0.226979929147924     
 -4.763127332525745E-004 -8.207537829592357E-005 -3.079259263433184E-004
  1.068644963996761E-002  3.324744342953892E-002 -3.346854315112217E-002
  6.878658345115594E-002 -0.253469175877665       0.195160049793749     
 -2.044012451806031E-003 -2.656244208730772E-003  4.387171958442239E-003
 -2.210250024913488E-002 -1.338844491941196E-005  2.584894527207743E-003
  3.662599420133451E-003 -1.225814925332186E-003 -3.459302441111562E-003
 -5.771983345838069E-002  0.223449870768675      -0.167212657614631     
 -1.269286351934746E-003  6.673092584338109E-004  2.008386927465972E-003
 -0.116261662343488      -0.109592630880432      -1.553963672863421E-004
 -2.819845741538788E-002 -2.807086614089688E-002 -2.044012451806031E-003
  0.134111787425896       0.129919695952702       1.265241510271046E-003
  8.341008770629267E-003  8.735702012230407E-003 -5.336922112734641E-004
  2.768773598947445E-004  1.986715063454844E-004 -2.376505395697748E-004
  1.741346965035523E-003 -1.259761547130806E-003  1.713373065365756E-003
 -1.090076258011274E-005  6.918909718140631E-005 -7.863005701200331E-006
 -0.121804502880604      -0.274480838273505       1.980353432777519E-002
  4.124456041498128E-003  1.202942038416054E-002 -2.656244208730776E-003
  0.129919695952702       0.272519307215143      -1.225505999324324E-002
 -1.080849710429582E-002 -1.118440100874428E-002 -4.819941910093249E-003
 -4.816208391269346E-004 -1.024352439754998E-003 -4.598441834254860E-005
 -1.117283572743027E-003  1.622910532436238E-003  8.054508691128712E-005
  1.677524025693812E-004  5.179535902651574E-004 -1.068488842766734E-004
 -8.996002423458934E-003 -2.989859500558563E-003 -2.141630829148522E-002
  9.082659890285900E-004  4.693475241050786E-003  4.387171958442248E-003
  1.265241510271044E-003 -1.225505999324323E-002  1.656942737008934E-002
  7.950821168774269E-003  1.463830125980964E-002  3.842606795378307E-003
 -6.709101234628911E-004 -2.956201207824426E-003 -2.480870381448257E-003
 -5.465376108721460E-004 -1.796910755930077E-003 -1.095531512728957E-003
  8.912148971996627E-005  6.662549566959802E-004  1.935040617525080E-004
 -7.938903416911545E-002  6.161323693466766E-002 -4.695439752054923E-002
 -1.901817700937361E-002  3.112308163115557E-002 -2.210250024913491E-002
  8.341008770629285E-003 -1.080849710429582E-002  7.950821168774273E-003
  9.710218825268624E-002 -8.199799844255400E-002  6.114515717898750E-002
  1.270294884552062E-004 -4.007626525769440E-004 -2.764914827582065E-005
 -7.112080979534472E-003  4.083898152525324E-004  8.216628947004205E-005
 -5.093435374718083E-005  6.254981835101574E-005 -9.359771927187403E-005
  7.391634314040406E-002 -0.225696410478073       0.129103712579479     
  4.402598328566578E-004  2.238611714452144E-003 -1.338844491944107E-005
  8.735702012230406E-003 -1.118440100874427E-002  1.463830125980962E-002
 -8.199799844255400E-002  0.231840543782920      -0.142824167919254     
 -8.719204454773376E-005  1.880583281821135E-004 -1.125884856438773E-003
 -9.940142728653413E-004  2.540671093702616E-003  9.671907312276024E-005
 -1.310022552410226E-005  7.292656756089262E-005  1.247083082006760E-004
 -6.096964750763158E-002  0.151992594240620      -0.116232691038801     
 -4.031771040166198E-004 -5.220296228942864E-003  2.584894527207744E-003
 -5.336922112734624E-004 -4.819941910093236E-003  3.842606795378299E-003
  6.114515717898749E-002 -0.142824167919254       0.109182995792668     
 -4.993604449560602E-004  1.457006585579738E-003 -2.734683570996810E-003
  1.132562389678205E-003  1.058928036898401E-004  2.672166441959261E-003
  1.281576992118517E-004 -6.910875715990014E-004  6.847110525848108E-004
 -8.731161589534434E-004 -5.181404858448603E-004 -2.277306576441826E-003
 -2.641662274513080E-003  1.304141223542915E-003  3.662599420133463E-003
  2.768773598947482E-004 -4.816208391269332E-004 -6.709101234628912E-004
  1.270294884552016E-004 -8.719204454772545E-005 -4.993604449560634E-004
  1.051985908367377E-002 -5.395745676636158E-003 -1.870826672285373E-002
 -2.283630192208687E-004  1.449766680064252E-004  1.452873996707900E-004
 -7.180624479337803E-003  5.033581154607613E-003  1.834795704790978E-002
  7.161636836711829E-004 -6.074057874573520E-004  4.746104460314812E-003
 -7.757873674597644E-004 -1.397303055680061E-005 -1.225814925332192E-003
  1.986715063454848E-004 -1.024352439754990E-003 -2.956201207824421E-003
 -4.007626525769394E-004  1.880583281820995E-004  1.457006585579744E-003
 -5.395745676636162E-003  2.619993432195192E-002  6.905412168007743E-002
  3.892724431081760E-004 -1.761453451928524E-004  1.074446048543944E-004
  5.268188063553689E-003 -2.456611604717686E-002 -7.118266119766796E-002
  2.240459639046244E-003  4.720243646499808E-003  1.543677796278882E-002
 -3.040211890770006E-003 -5.224405527533961E-004 -3.459302441111568E-003
 -2.376505395697761E-004 -4.598441834255053E-005 -2.480870381448258E-003
 -2.764914827581475E-005 -1.125884856438761E-003 -2.734683570996809E-003
 -1.870826672285373E-002  6.905412168007743E-002  0.273378372046896     
  3.200145019062477E-004 -1.314648282978869E-004  8.572457677605300E-004
  1.945330416053924E-002 -7.194859067076369E-002 -0.280997539383882     
 -2.068072910893449E-002  4.044713090691963E-002 -2.503433161984241E-002
 -7.850634936008093E-002  8.394618974814014E-002 -5.771983345838069E-002
  1.741346965035528E-003 -1.117283572743027E-003 -5.465376108721464E-004
 -7.112080979534490E-003 -9.940142728653259E-004  1.132562389678201E-003
 -2.283630192208670E-004  3.892724431081730E-004  3.200145019062261E-004
  0.104775821409097      -0.122574339234565       8.193386277442878E-002
  1.035409363775770E-005 -9.695601799493960E-005 -8.573697691827190E-005
 -4.579955272968828E-003 -3.514182875255620E-003  1.756356593259233E-003
  0.128017681654659      -0.321733764239952       0.223449870768675     
 -1.259761547130801E-003  1.622910532436245E-003 -1.796910755930097E-003
  4.083898152525519E-004  2.540671093702610E-003  1.058928036898211E-004
  1.449766680064356E-004 -1.761453451928452E-004 -1.314648282979002E-004
 -0.122574339234565       0.321194971769222      -0.223834393526902     
 -1.569920832520044E-004  6.553906504062222E-005  4.506489455063801E-004
  5.634010848279860E-003 -3.546040430406884E-003  1.323765262201724E-003
 -8.916018959944204E-002  0.226979929147925      -0.167212657614631     
  1.713373065365761E-003  8.054508691129725E-005 -1.095531512728926E-003
  8.216628947005661E-005  9.671907312276024E-005  2.672166441959271E-003
  1.452873996707878E-004  1.074446048543935E-004  8.572457677605514E-004
  8.193386277442880E-002 -0.223834393526902       0.163977463546316     
 -3.485107777740786E-004  1.157960444950609E-004 -5.224518908780390E-004
  1.718385142852850E-003  1.115048321344085E-003  4.278326092197280E-003
  1.813040232201830E-003 -4.763127332525858E-004 -1.269286351934715E-003
 -1.090076258011312E-005  1.677524025693776E-004  8.912148971996605E-005
 -5.093435374717746E-005 -1.310022552409392E-005  1.281576992118440E-004
 -7.180624479337805E-003  5.268188063553686E-003  1.945330416053925E-002
  1.035409363775858E-005 -1.569920832519983E-004 -3.485107777740629E-004
  3.700680126974331E-003 -5.904583745439909E-003 -2.233111231195902E-002
 -1.505782642179744E-004  5.918412696584099E-004 -8.555043938190184E-003
  9.867979575066649E-004 -8.207537829593516E-005  6.673092584338089E-004
  6.918909718140893E-005  5.179535902651621E-004  6.662549566959781E-004
  6.254981835101351E-005  7.292656756089103E-005 -6.910875715989978E-004
  5.033581154607615E-003 -2.456611604717686E-002 -7.194859067076370E-002
 -9.695601799493261E-005  6.553906504061173E-005  1.157960444950749E-004
 -5.904583745439903E-003  2.339993093295295E-002  7.974536192092606E-002
 -6.226919484916072E-004 -8.723283166325004E-003 -2.621963328375725E-002
  4.793044914408563E-003 -3.079259263433273E-004  2.008386927465965E-003
 -7.863005701200761E-006 -1.068488842766701E-004  1.935040617525088E-004
 -9.359771927187652E-005  1.247083082006759E-004  6.847110525848135E-004
  1.834795704790979E-002 -7.118266119766793E-002 -0.280997539383882     
 -8.573697691827539E-005  4.506489455063696E-004 -5.224518908780461E-004
 -2.233111231195902E-002  7.974536192092604E-002  0.304853022516707     
 Masses in au
   21874.6618111745        29156.9463602902        1837.15258665392     
   1837.15258665392        1837.15258665392        1837.15258665392     
   1837.15258665392     
