 Coordinates, Gradient and Hessian of a Structure written by dl-find
           7           1           1
  0.000000000000000E+000
 Energy
  -116.109351268218     
 Coordinates
  -8.00216377482425        1.08109221514629      -4.612577121162430E-002
  -5.33946766324300       0.849849953813191      -0.322349952206923     
  -8.97333077892681      -0.700106879160635      -0.431049108591366     
  -8.61917011292969        2.48054441362216       -1.41704819933049     
  -8.51832069213280        1.74154639280849        1.84608701669721     
  -4.76121565058017      -0.342301308374932       0.911957899308787     
  -10.1803366154988        3.42117910402239        7.66213788632485     
 Gradient
 -9.178100227071183E-004 -9.807429806838481E-004 -1.458786416380894E-003
  1.333299918029851E-003  4.376079105428623E-004 -5.279613665099157E-004
  1.010427801162847E-004  3.773815613255460E-005  9.153993965168492E-005
  2.836793248183954E-004 -4.719504518622871E-005  3.287345288966146E-004
  7.831413960805760E-005  4.553011381690852E-004  1.242862257639886E-003
 -8.588744938422495E-004  7.864616978590821E-005  2.623437248095895E-004
 -1.965164602319899E-005  1.864465123964510E-005  6.126733189302135E-005
 Hessian
  0.473045474175259       2.679866813402807E-003  1.884676015302063E-002
 -0.238031847739900       3.101876460596030E-002  5.128615776270730E-004
 -9.290024535096718E-002 -9.593106258847196E-002 -2.143192702024217E-002
 -6.361100963148021E-002  5.164203329859660E-002 -5.280868796065877E-002
 -5.841852331701426E-002  1.483446220109890E-002  4.583895247342553E-002
 -2.008248223441581E-002 -4.245491032606850E-003  9.037472327044249E-003
 -1.365901480698805E-006  1.426702019316505E-006  4.568449782964576E-006
  2.679866813402806E-003  0.588953361503864      -2.464096564772171E-002
 -8.643861323835184E-004 -7.598319421849878E-002  1.766456878823438E-002
 -9.101525604093311E-002 -0.251670315266357      -4.415993078109468E-002
  4.242552990072825E-002 -0.178748073297473       0.127218383232435     
  1.495752381152590E-002 -7.999109483252609E-002 -7.214146446521993E-002
  3.181677194159480E-002 -2.562470372837619E-003 -3.939899130009873E-003
 -5.029393659315001E-008  1.786483829012919E-006 -6.919966225654445E-007
  1.884676015302063E-002 -2.464096564772170E-002  0.585094033069904     
  3.699930394594187E-002  1.097492906942048E-002 -8.064218457023366E-002
 -2.156652800377489E-002 -4.234876405744276E-002 -6.392942732129382E-002
 -4.280015986078713E-002  0.125402760705829      -0.176864849962054     
  4.038981486640696E-002 -7.290350646108511E-002 -0.266089162203280     
 -3.187357343924729E-002  3.518538415770568E-003  2.440783726048621E-003
  4.382338434167139E-006 -2.992024765441266E-006 -9.192739088490837E-006
 -0.238031847739900      -8.643861323835186E-004  3.699930394594187E-002
  0.406741293075245      -0.126402817013999       7.029623243893139E-002
 -3.496192985900631E-002  1.366583171157950E-003  2.665444791503417E-003
 -2.274680259845041E-002  3.662357863831844E-003  8.367364962620067E-004
 -2.674922099183290E-002  4.737813357101416E-003  6.249218424747472E-003
 -8.425153261563700E-002  0.117499788019018      -0.117050826719327     
  4.072958297105368E-008  6.607352737063079E-007  3.890621940799376E-006
  3.101876460596032E-002 -7.598319421849876E-002  1.097492906942048E-002
 -0.126402817013999       0.293366981646601      -0.256093736455724     
 -2.745377833381393E-002  1.210964588515400E-002  4.942909825668935E-003
  2.917689735809550E-002  1.458856569773463E-004 -3.689913664357784E-003
  1.333208049746576E-002  2.739361160738547E-003 -4.638396279663564E-004
  8.033149516606110E-002 -0.232379518909404       0.244325778936520     
 -2.642279772189715E-006  8.387784318732744E-007  3.871916438565326E-006
  5.128615776270622E-004  1.766456878823438E-002 -8.064218457023369E-002
  7.029623243893145E-002 -0.256093736455724       0.321493179783405     
 -4.229795736648719E-003  1.452956109728413E-003  4.575455636531344E-003
 -2.693856695943142E-002  1.408725625717331E-003  5.684124651871416E-003
  3.507138265757372E-002 -1.010304893606065E-003  5.059874368493115E-003
 -7.470971032756321E-002  0.236577887654220      -0.256170570820633     
 -2.403650485811330E-006 -9.682856997948893E-008  1.209505663709090E-007
 -9.290024535096716E-002 -9.101525604093316E-002 -2.156652800377489E-002
 -3.496192985900631E-002 -2.745377833381391E-002 -4.229795736648715E-003
  0.116139563853753       0.107674195476033       2.211994306422526E-002
  5.513661878803452E-003  7.275887517165716E-003  2.358796913481184E-003
  5.170096489691057E-003  4.903066129861570E-003  5.352769324980335E-004
  1.038549355385410E-003 -1.382468895126266E-003  7.866456535054022E-004
  3.036323404268208E-007 -1.645853186847200E-006 -4.338823286292825E-006
 -9.593106258847200E-002 -0.251670315266357      -4.234876405744276E-002
  1.366583171157976E-003  1.210964588515402E-002  1.452956109728435E-003
  0.107674195476033       0.264599903902653       4.749336628633574E-002
 -8.915812051269277E-003 -1.811897217466687E-002 -6.156345968674426E-003
 -3.585829541349119E-003 -7.980747516645020E-003 -7.701298367157077E-004
 -6.099665429334337E-004  1.062877271318002E-003  3.358198374381829E-004
  1.892076832963713E-006 -2.392101456277624E-006 -6.902370669485150E-006
 -2.143192702024218E-002 -4.415993078109468E-002 -6.392942732129382E-002
  2.665444791503404E-003  4.942909825668933E-003  4.575455636531340E-003
  2.211994306422526E-002  4.749336628633576E-002  5.874034834554486E-002
  9.901602833775497E-003  2.014093869402478E-002  5.686786124814676E-003
 -1.236693025059383E-002 -2.779677184076467E-002 -4.749714158044168E-003
 -8.881057833261184E-004 -6.223993201415442E-004 -3.247168824734249E-004
 -2.763534214270790E-008  1.887135971506281E-006  1.268254920562093E-006
 -6.361100963148021E-002  4.242552990072825E-002 -4.280015986078714E-002
 -2.274680259845043E-002  2.917689735809553E-002 -2.693856695943142E-002
  5.513661878803454E-003 -8.915812051269272E-003  9.901602833775497E-003
  8.548325050810941E-002 -5.870229544590646E-002  5.538174254103037E-002
  3.233277036087119E-003 -5.004185753726419E-003  3.651401658850578E-003
 -7.872557131454020E-003  1.020207878128495E-003  8.064460679067723E-004
  1.799383847358823E-007 -3.418860501473566E-007 -2.466281344700327E-006
  5.164203329859662E-002 -0.178748073297473       0.125402760705829     
  3.662357863831837E-003  1.458856569773493E-004  1.408725625717337E-003
  7.275887517165701E-003 -1.811897217466689E-002  2.014093869402479E-002
 -5.870229544590646E-002  0.186927545543237      -0.137263979310848     
 -3.746386103767812E-003  8.610393104032475E-003 -8.514438695550254E-003
 -1.303637496936663E-004  1.182255776624893E-003 -1.180069452503235E-003
 -1.233380226392289E-006  9.653912683007807E-007  6.062433329957263E-006
 -5.280868796065877E-002  0.127218383232435      -0.176864849962054     
  8.367364962619924E-004 -3.689913664357786E-003  5.684124651871452E-003
  2.358796913481183E-003 -6.156345968674424E-003  5.686786124814680E-003
  5.538174254103036E-002 -0.137263979310848       0.183032943926867     
 -7.473757904293062E-003  2.118000910977837E-002 -1.886114964340730E-002
  1.703521713441286E-003 -1.285798910091631E-003  1.326435873229410E-003
  1.648200736587530E-006 -2.354488241611217E-006 -4.290971321083630E-006
 -5.841852331701426E-002  1.495752381152592E-002  4.038981486640695E-002
 -2.674922099183291E-002  1.333208049746577E-002  3.507138265757372E-002
  5.170096489691061E-003 -3.585829541349123E-003 -1.236693025059383E-002
  3.233277036087117E-003 -3.746386103767813E-003 -7.473757904293058E-003
  7.518392353844615E-002 -1.997609415804216E-002 -5.687501614087918E-002
  1.585450613045956E-003 -9.795314952772596E-004  1.261754592517932E-003
 -5.003368424350732E-006 -1.763010554206733E-006 -7.247820731899315E-006
  1.483446220109891E-002 -7.999109483252607E-002 -7.290350646108512E-002
  4.737813357101398E-003  2.739361160738559E-003 -1.010304893606085E-003
  4.903066129861570E-003 -7.980747516645017E-003 -2.779677184076467E-002
 -5.004185753726409E-003  8.610393104032478E-003  2.118000910977836E-002
 -1.997609415804217E-002  7.686080306292765E-002  8.141117362750654E-002
  5.059044004819806E-004 -2.304629435810521E-004 -8.842084802925828E-004
 -9.661767735281700E-007 -8.252034948121039E-006  3.608938462671842E-006
  4.583895247342552E-002 -7.214146446521992E-002 -0.266089162203280     
  6.249218424747458E-003 -4.638396279663409E-004  5.059874368493119E-003
  5.352769324980331E-004 -7.701298367157091E-004 -4.749714158044158E-003
  3.651401658850572E-003 -8.514438695550249E-003 -1.886114964340728E-002
 -5.687501614087919E-002  8.141117362750656E-002  0.283761767529979     
  6.060640803312295E-004  4.740374693881034E-004  8.693831483142791E-004
 -5.897428967628810E-006  4.661528552031121E-006  9.000957941846303E-006
 -2.008248223441584E-002  3.181677194159480E-002 -3.187357343924729E-002
 -8.425153261563699E-002  8.033149516606108E-002 -7.470971032756318E-002
  1.038549355385425E-003 -6.099665429334188E-004 -8.881057833261174E-004
 -7.872557131454032E-003 -1.303637496936658E-004  1.703521713441275E-003
  1.585450613045978E-003  5.059044004819798E-004  6.060640803312356E-004
  0.109582758872370      -0.111913684402445       0.105161352935863     
 -1.868592954166232E-007 -1.568130660461407E-007  4.508205013968099E-007
 -4.245491032606846E-003 -2.562470372837618E-003  3.518538415770573E-003
  0.117499788019018      -0.232379518909404       0.236577887654220     
 -1.382468895126254E-003  1.062877271318003E-003 -6.223993201415493E-004
  1.020207878128492E-003  1.182255776624891E-003 -1.285798910091639E-003
 -9.795314952772088E-004 -2.304629435810616E-004  4.740374693881063E-004
 -0.111913684402445       0.232928583075909      -0.238659658618105     
  1.179928311542266E-006 -1.263898029462012E-006 -2.606691040276937E-006
  9.037472327044249E-003 -3.939899130009869E-003  2.440783726048689E-003
 -0.117050826719327       0.244325778936520      -0.256170570820633     
  7.866456535054058E-004  3.358198374381941E-004 -3.247168824734053E-004
  8.064460679067824E-004 -1.180069452503234E-003  1.326435873229421E-003
  1.261754592517918E-003 -8.842084802925799E-004  8.693831483143094E-004
  0.105161352935863      -0.238659658618105       0.251854887160759     
 -2.844857512889877E-006  2.236906952343896E-006  3.797794755110766E-006
 -1.365901480705737E-006 -5.029393659159881E-008  4.382338434159970E-006
  4.072958298524184E-008 -2.642279772192501E-006 -2.403650485817783E-006
  3.036323404265786E-007  1.892076832954882E-006 -2.763534214155346E-008
  1.799383847380613E-007 -1.233380226390593E-006  1.648200736576528E-006
 -5.003368424348488E-006 -9.661767735301226E-007 -5.897428967633147E-006
 -1.868592954131141E-007  1.179928311524118E-006 -2.844857512867740E-006
  6.031828892317303E-006  1.820125564225991E-006  5.143033137723815E-006
  1.426702019316801E-006  1.786483829003967E-006 -2.992024765431462E-006
  6.607352737061737E-007  8.387784318763851E-007 -9.682856998004225E-008
 -1.645853186848652E-006 -2.392101456280378E-006  1.887135971504544E-006
 -3.418860501465774E-007  9.653912682904001E-007 -2.354488241613860E-006
 -1.763010554207277E-006 -8.252034948123446E-006  4.661528552036264E-006
 -1.568130660466320E-007 -1.263898029472285E-006  2.236906952346063E-006
  1.820125564226269E-006  8.317380904705230E-006 -3.342229898861572E-006
  4.568449782964791E-006 -6.919966225719330E-007 -9.192739088479535E-006
  3.890621940796076E-006  3.871916438574312E-006  1.209505663794835E-007
 -4.338823286290896E-006 -6.902370669487735E-006  1.268254920560119E-006
 -2.466281344708388E-006  6.062433329946917E-006 -4.290971321083632E-006
 -7.247820731896056E-006  3.608938462678300E-006  9.000957941829710E-006
  4.508205014034170E-007 -2.606691040276503E-006  3.797794755102618E-006
  5.143033137731171E-006 -3.342229898863538E-006 -7.042477743088707E-007
 Masses in au
   21874.6618111745        29156.9463602902        1837.15258665392     
   1837.15258665392        1837.15258665392        1837.15258665392     
   1837.15258665392     
