 Coordinates, Gradient and Hessian of a Structure written by dl-find
           7           1           1
  0.000000000000000E+000
 Energy
  -116.103797104367     
 Coordinates
  -8.00356557406324        1.10468866507554       7.451248926021101E-002
  -5.40192483022601       0.888958980950535      -0.243310433751607     
  -9.00928037205543      -0.659129479271078      -0.276435452436279     
  -8.67968728651994        2.53764968572145       -1.22439377852094     
  -8.49435820214882        1.73548830707061        1.99530002302065     
  -4.80175104340313      -0.512300174160989       0.708160705227849     
  -9.05936171911912        2.59750413217081        4.67861872168079     
 Gradient
  1.255388679393256E-002 -7.474170560232496E-004 -2.973426425331981E-003
 -1.312857914044105E-002 -4.117385934498532E-003  7.456251043032477E-003
  8.971077744955601E-004  1.997714559282905E-003  1.976227683372285E-003
  5.915288807757165E-004 -1.201611124325099E-003  2.842880584460641E-003
 -7.683834395409279E-005  7.561231285656242E-004  1.853455217069692E-003
 -2.166396912241209E-003  5.475757373680840E-003 -4.384554971829654E-003
  1.329290947432746E-003 -2.163180946681737E-003 -6.770833130773982E-003
 Hessian
  0.529195397665206      -2.728683306382617E-003  2.097653474180178E-002
 -0.288698078740486       3.982229064540121E-002  1.498302567517049E-002
 -9.859100931640055E-002 -0.100518599921220      -2.277725405555642E-002
 -6.866907888517509E-002  5.825398735754895E-002 -5.768640037012577E-002
 -5.207024213220691E-002  8.849245273821598E-003  2.903792789338936E-002
 -2.068449639289908E-002 -6.211219467236841E-003  7.720062194431742E-003
 -4.824921980381299E-004  2.532979418068995E-003  7.746103920887314E-003
 -2.728683306382615E-003  0.596490653979356      -3.615384580678603E-002
 -2.057661628918542E-003 -8.209892010204131E-002  1.831797022536118E-002
 -9.402293640824035E-002 -0.252319786345332      -4.172406569219738E-002
  4.877817161457122E-002 -0.186970120058096       0.129278527283271     
  1.004264429860412E-002 -7.185937588112931E-002 -5.805721339965118E-002
  3.855872063449059E-002 -2.447759762086512E-003 -5.265716455601403E-003
  1.429744795873993E-003 -7.946918306750491E-004 -6.395656154392096E-003
  2.097653474180179E-002 -3.615384580678602E-002  0.545898088821896     
  3.969300099487244E-002  1.262030091188347E-002 -7.087729966371953E-002
 -2.088925630347738E-002 -3.900634250363194E-002 -5.884394791215947E-002
 -4.660368543209917E-002  0.125896607849648      -0.165486656730530     
  2.802966441615988E-002 -5.845189795133587E-002 -0.233954135489065     
 -2.571940685082459E-002  1.573509127199335E-003  1.634559323527481E-003
  4.513148433560273E-003 -6.478331626994136E-003 -1.837060834993385E-002
 -0.288698078740486      -2.057661628918541E-003  3.969300099487248E-002
  0.464468529284740      -0.162538373371535       4.066217493420161E-002
 -3.573108162466920E-002  1.535640859234665E-003  4.410047421754038E-003
 -2.397218762712638E-002  4.745709866404372E-003  2.374535914094815E-003
 -2.864826898210393E-002  6.820390043795512E-003  1.436861074595387E-002
 -8.858064272801042E-002  0.152761861227549      -9.795937460510273E-002
  1.161730417656910E-003 -1.267566996525914E-003 -3.548995405777069E-003
  3.982229064540119E-002 -8.209892010204133E-002  1.262030091188347E-002
 -0.162538373371535       0.410318131801901      -0.251322687213938     
 -2.893427964510578E-002  1.208116602620670E-002  5.900322370339551E-003
  3.209390881555070E-002 -4.402629233689644E-004 -5.390475560822706E-003
  1.381038297388923E-002  2.884038182272707E-003 -2.796505582247890E-003
  0.106171612690260      -0.343089651306504       0.239846334098453     
 -4.255421084628321E-004  3.454983215257207E-004  1.142710976337421E-003
  1.498302567517047E-002  1.831797022536118E-002 -7.087729966371957E-002
  4.066217493420164E-002 -0.251322687213938       0.216736884480772     
 -4.407704907334690E-003  1.175459768351604E-003  4.330844731219543E-003
 -2.440385421332614E-002  7.615300592261168E-004  7.088032198989887E-003
  3.767525725304512E-002 -2.121911049503765E-003  2.508759087728425E-003
 -6.374063739593459E-002  0.232625030652755      -0.161255158580681     
 -7.682613458204190E-004  5.646075577532110E-004  1.467937745687983E-003
 -9.859100931640051E-002 -9.402293640824043E-002 -2.088925630347739E-002
 -3.573108162466922E-002 -2.893427964510577E-002 -4.407704907334691E-003
  0.122046775656238       0.112920515176205       2.153443167859489E-002
  5.974249232073217E-003  8.004611436526808E-003  2.571465796097710E-003
  4.580033908946631E-003  3.734019244936752E-003  5.924074165847013E-004
  1.739027237213102E-003 -1.563413060681705E-003  1.031200499551523E-003
 -1.799509340158078E-005 -1.385167436402352E-004 -4.325441800167995E-004
 -0.100518599921220      -0.252319786345332      -3.900634250363194E-002
  1.535640859234695E-003  1.208116602620673E-002  1.175459768351609E-003
  0.112920515176205       0.264442965704901       4.500381373038530E-002
 -9.362471458897861E-003 -1.757123978913325E-002 -6.561041746750336E-003
 -3.903755832487010E-003 -8.324603569800550E-003 -8.391682234953090E-004
 -7.558186790159403E-004  1.692860137605132E-003  4.815886844167570E-004
  8.448985618126557E-005 -1.362164447077840E-006 -2.543097092760276E-004
 -2.277725405555641E-002 -4.172406569219738E-002 -5.884394791215946E-002
  4.410047421754031E-003  5.900322370339556E-003  4.330844731219530E-003
  2.153443167859488E-002  4.500381373038529E-002  5.504197836157203E-002
  1.007530042086742E-002  1.918282441993124E-002  5.407570279075752E-003
 -1.195172363072019E-002 -2.878008201866677E-002 -7.497412137894373E-003
 -1.045944969249773E-003 -3.556541116405201E-004 -4.271897094797842E-005
 -2.448568656902328E-004  7.728413018478670E-004  1.603685649135102E-003
 -6.866907888517509E-002  4.877817161457119E-002 -4.660368543209915E-002
 -2.397218762712633E-002  3.209390881555069E-002 -2.440385421332618E-002
  5.974249232073208E-003 -9.362471458897860E-003  1.007530042086742E-002
  9.124540037607499E-002 -6.757710244488482E-002  5.853068880178355E-002
  3.126711780918830E-003 -3.960735989974242E-003  2.874849560850979E-003
 -7.667759215370986E-003  9.037813438356132E-005 -1.776929955214558E-004
 -3.733566139454185E-005 -6.214867074829213E-005 -2.956061425553556E-004
  5.825398735754895E-002 -0.186970120058096       0.125896607849648     
  4.745709866404360E-003 -4.402629233689453E-004  7.615300592261448E-004
  8.004611436526796E-003 -1.757123978913325E-002  1.918282441993123E-002
 -6.757710244488484E-002  0.195452619307386      -0.137474095116662     
 -3.093812717948531E-003  7.317136550496391E-003 -8.715864340689924E-003
 -1.600681010808397E-004  1.928830888463848E-003 -6.882639999178636E-004
 -1.733253965661778E-004  2.830360242513149E-004  1.037261128464552E-003
 -5.768640037012576E-002  0.129278527283271      -0.165486656730530     
  2.374535914094820E-003 -5.390475560822737E-003  7.088032198989879E-003
  2.571465796097711E-003 -6.561041746750339E-003  5.407570279075746E-003
  5.853068880178353E-002 -0.137474095116662       0.171826798240188     
 -7.657745959367697E-003  2.139211653024744E-002 -2.081100247805572E-002
  1.986794716310653E-003 -1.347238939034625E-003  9.287923943829521E-004
 -1.193388987939238E-004  1.022075497496757E-004  1.046466095950866E-003
 -5.207024213220691E-002  1.004264429860414E-002  2.802966441615988E-002
 -2.864826898210397E-002  1.381038297388923E-002  3.767525725304514E-002
  4.580033908946633E-003 -3.903755832487005E-003 -1.195172363072019E-002
  3.126711780918821E-003 -3.093812717948531E-003 -7.657745959367704E-003
  7.093447249639442E-002 -1.528682601778198E-002 -4.571801037576854E-002
  9.164325825969308E-004 -1.006080762150602E-003  1.340378438334436E-003
  1.160860345452689E-003 -5.625519421287375E-004 -1.717820141679937E-003
  8.849245273821598E-003 -7.185937588112931E-002 -5.845189795133589E-002
  6.820390043795494E-003  2.884038182272710E-003 -2.121911049503753E-003
  3.734019244936754E-003 -8.324603569800545E-003 -2.878008201866676E-002
 -3.960735989974238E-003  7.317136550496407E-003  2.139211653024744E-002
 -1.528682601778199E-002  6.869483210564899E-002  6.703973274302191E-002
  2.914625287262178E-004 -1.046548496005746E-004 -1.093675323742379E-003
 -4.475550835218219E-004  1.392627462117439E-003  2.015717069974898E-003
  2.903792789338935E-002 -5.805721339965119E-002 -0.233954135489065     
  1.436861074595388E-002 -2.796505582247890E-003  2.508759087728413E-003
  5.924074165846998E-004 -8.391682234953101E-004 -7.497412137894366E-003
  2.874849560850982E-003 -8.715864340689916E-003 -2.081100247805569E-002
 -4.571801037576854E-002  6.703973274302191E-002  0.252818674820351     
  1.692404622538814E-004  1.381640152095473E-003  2.048498287512381E-004
 -1.325025703256721E-003  1.987378650986271E-003  6.730266368167295E-003
 -2.068449639289909E-002  3.855872063449062E-002 -2.571940685082460E-002
 -8.858064272801043E-002  0.106171612690260      -6.374063739593458E-002
  1.739027237213109E-003 -7.558186790159479E-004 -1.045944969249775E-003
 -7.667759215371002E-003 -1.600681010808419E-004  1.986794716310645E-003
  9.164325825969202E-004  2.914625287262122E-004  1.692404622538908E-004
  0.114351764438495      -0.144200998823872       8.813582456871756E-002
 -7.432592202522621E-005  9.508975048899660E-005  2.141294687284838E-004
 -6.211219467236843E-003 -2.447759762086534E-003  1.573509127199334E-003
  0.152761861227549      -0.343089651306504       0.232625030652755     
 -1.563413060681691E-003  1.692860137605137E-003 -3.556541116405116E-004
  9.037813438357478E-005  1.928830888463844E-003 -1.347238939034622E-003
 -1.006080762150630E-003 -1.046548496005656E-004  1.381640152095485E-003
 -0.144200998823872       0.342246103224087      -0.233359274531441     
  1.294727520104285E-004 -2.257283319577629E-004 -5.180123499381181E-004
  7.720062194431750E-003 -5.265716455601390E-003  1.634559323527502E-003
 -9.795937460510276E-002  0.239846334098453      -0.161255158580681     
  1.031200499551529E-003  4.815886844167406E-004 -4.271897094798487E-005
 -1.776929955214782E-004 -6.882639999178607E-004  9.287923943829471E-004
  1.340378438334416E-003 -1.093675323742373E-003  2.048498287512257E-004
  8.813582456871759E-002 -0.233359274531441       0.158405829666306     
 -9.039810041234826E-005  7.900752782776912E-005  1.238463386648353E-004
 -4.824921980381359E-004  1.429744795874000E-003  4.513148433560279E-003
  1.161730417656914E-003 -4.255421084628260E-004 -7.682613458204287E-004
 -1.799509340157987E-005  8.448985618126216E-005 -2.448568656902359E-004
 -3.733566139453881E-005 -1.733253965661896E-004 -1.193388987939178E-004
  1.160860345452684E-003 -4.475550835218238E-004 -1.325025703256721E-003
 -7.432592202522799E-005  1.294727520104408E-004 -9.039810041237354E-005
 -1.710441888250107E-003 -5.972848155148251E-004 -1.965267519586602E-003
  2.532979418069002E-003 -7.946918306750502E-004 -6.478331626994131E-003
 -1.267566996525906E-003  3.454983215257148E-004  5.646075577532071E-004
 -1.385167436402322E-004 -1.362164447078346E-006  7.728413018478693E-004
 -6.214867074829530E-005  2.830360242512992E-004  1.022075497496768E-004
 -5.625519421287400E-004  1.392627462117431E-003  1.987378650986262E-003
  9.508975048899878E-005 -2.257283319577600E-004  7.900752782777141E-005
 -5.972848155148263E-004 -9.993794808145970E-004  2.972289038829346E-003
  7.746103920887312E-003 -6.395656154392090E-003 -1.837060834993384E-002
 -3.548995405777057E-003  1.142710976337421E-003  1.467937745687961E-003
 -4.325441800167940E-004 -2.543097092760250E-004  1.603685649135107E-003
 -2.956061425553386E-004  1.037261128464559E-003  1.046466095950871E-003
 -1.717820141679932E-003  2.015717069974902E-003  6.730266368167288E-003
  2.141294687284786E-004 -5.180123499381251E-004  1.238463386648344E-004
 -1.965267519586606E-003  2.972289038829344E-003  7.398406152327655E-003
 Masses in au
   21874.6618111745        29156.9463602902        1837.15258665392     
   1837.15258665392        1837.15258665392        1837.15258665392     
   1837.15258665392     
