 Coordinates, Gradient and Hessian of a Structure written by dl-find
           7           1           1
  0.000000000000000E+000
 Energy
  -116.109472734846     
 Coordinates
  -8.09935544069125        1.00574805718147      -0.172876352576584     
  -5.41548172931004       0.934457362909874      -0.116337620531018     
  -8.90433081131673      -0.735341588692450      -0.935917176757435     
  -8.60998812004436        2.55753641323757       -1.42275422899095     
  -8.89720049466997        1.36728772785427        1.69144879409550     
  -4.90203978229895      -0.342529776328551        1.06647971474803     
  -7.37516890849350        3.30823732230570        6.41245994299148     
 Gradient
 -1.594814516756213E-003 -1.142616176760316E-003  2.627795246795920E-003
 -4.319663127252691E-004  1.589515292636754E-003 -1.739646905952779E-003
 -1.169969974307347E-004  7.211886064336244E-004 -3.536217686904247E-004
  4.458303974401933E-004  2.893730427287800E-004 -6.525387166702009E-004
  8.961945072176902E-004 -2.953793424907529E-004 -1.434558675472732E-003
  8.478032063219922E-004 -1.184985453769346E-003  1.499359712534716E-003
 -4.605028406768414E-005  2.290403122124090E-005  5.321110745551924E-005
 Hessian
  0.471621476294778      -5.179510249886686E-004 -4.346082131591574E-004
 -0.242786813880208       2.068511898898100E-002 -1.947198669650697E-002
 -7.693986105955389E-002 -7.527840349021091E-002 -3.183619291913663E-002
 -5.659592599992928E-002  4.646769591660764E-002 -3.713076779725106E-002
 -7.758299860527969E-002  1.492457267125339E-002  8.261718962256989E-002
 -1.770735828671627E-002 -6.282998778304980E-003  6.270420675740807E-003
 -8.518463089716983E-006  1.965716662915863E-006 -1.405467225755326E-005
 -5.179510249886688E-004  0.589243911251852      -1.781061180010594E-002
 -1.431513919956244E-002 -7.734542399406102E-002  1.654154843628023E-002
 -7.047301315352314E-002 -0.241956311217916      -8.179229058524932E-002
  3.590786271953847E-002 -0.206949879840885       0.124539140589971     
  1.574192464671691E-002 -6.173015955696609E-002 -4.125950086416737E-002
  3.367432519491427E-002 -1.254102367205448E-003 -1.435996831997429E-004
 -1.800918309573882E-005 -8.034274817899889E-006 -7.468609352807386E-005
 -4.346082131591558E-004 -1.781061180010593E-002  0.592203009958075     
  1.430790279159361E-002  1.585663128336436E-002 -7.548002606561012E-002
 -3.149124245018645E-002 -8.078026059805683E-002 -8.975079235921836E-002
 -2.844790320806634E-002  0.124720029916571      -0.152417312793780     
  7.697124558810962E-002 -4.236117367462161E-002 -0.273788342450780     
 -3.087783301886428E-002  4.422767013719216E-004 -6.203856557733899E-004
 -2.756148942946190E-005 -6.689182852484029E-005 -1.461506329113850E-004
 -0.242786813880209      -1.431513919956244E-002  1.430790279159359E-002
  0.404348130197491      -9.682265654558443E-002  8.958407489927477E-002
 -3.216147156886809E-002 -1.446707146096152E-003 -2.650254129395250E-003
 -2.155331082143430E-002  2.565583370395440E-003 -2.320099857530801E-003
 -3.233040461430158E-002  2.406410508691790E-003  1.367280341580891E-003
 -7.550949463114208E-002  0.107649673727933      -0.100218127721374     
 -6.634681535224586E-006 -3.716471577677825E-005 -7.077632414997109E-005
  2.068511898898101E-002 -7.734542399406100E-002  1.585663128336435E-002
 -9.682265654558442E-002  0.325503662705106      -0.260796661108060     
 -2.889511773101341E-002  1.006445079252727E-002  2.073251235354899E-003
  3.167161579861078E-002  2.185074875592029E-003  1.791649158446597E-004
  6.815297524249473E-003  3.278226919437166E-003  4.833766296054032E-004
  6.655220214916564E-002 -0.263704154790234       0.242132032397292     
 -6.460184410701402E-006  1.816349163090778E-005  7.220464659881434E-005
 -1.947198669650697E-002  1.654154843628023E-002 -7.548002606561011E-002
  8.958407489927471E-002 -0.260796661108059       0.287322840246976     
 -1.334617112845190E-002  1.935647272903166E-003  4.193279886947185E-003
 -2.671434496211936E-002  2.312643353040754E-004  1.622805989706245E-003
  3.160993556976099E-002  5.914635810979048E-004  1.003104285841337E-002
 -6.166941701329443E-002  0.241473058778304      -0.227760662515598     
  7.909331338561030E-006  2.367870417189008E-005  7.071959916446595E-005
 -7.693986105955387E-002 -7.047301315352317E-002 -3.149124245018643E-002
 -3.216147156886811E-002 -2.889511773101339E-002 -1.334617112845189E-002
  9.780899876020693E-002  8.628041212847079E-002  3.753172236787766E-002
  4.056142222830160E-003  5.391769214458316E-003  3.252048996743243E-003
  6.250320878206764E-003  9.098702094385052E-003  3.390255376686630E-003
  9.872415398423616E-004 -1.403066977049813E-003  6.538668985680672E-004
 -1.370772664240939E-006  3.144242721951914E-007  9.519938762704005E-006
 -7.527840349021092E-002 -0.241956311217916      -8.078026059805685E-002
 -1.446707146096160E-003  1.006445079252725E-002  1.935647272903151E-003
  8.628041212847079E-002  0.254867985730153       8.980150714320435E-002
 -7.742951455222478E-003 -2.014384464997046E-002 -1.079329698160012E-002
 -1.321643386032824E-003 -3.706993507457394E-003 -6.799694574739207E-004
 -4.839525299125355E-004  8.820608864605083E-004  5.326622978765570E-004
 -6.754120995915345E-006 -7.348033796710855E-006 -1.628967685317651E-005
 -3.183619291913664E-002 -8.179229058524932E-002 -8.975079235921837E-002
 -2.650254129395232E-003  2.073251235354915E-003  4.193279886947157E-003
  3.753172236787766E-002  8.980150714320437E-002  8.719857903485920E-002
  7.271648786698573E-003  1.785756486796199E-002  8.713178570212846E-003
 -9.599953547338185E-003 -2.722598429188375E-002 -9.924112506198061E-003
 -7.091252295187791E-004 -7.150988379354318E-004 -4.206813250200377E-004
 -7.845329187467690E-006  1.050468547177664E-006 -9.451301582654571E-006
 -5.659592599992927E-002  3.590786271953848E-002 -2.844790320806630E-002
 -2.155331082143432E-002  3.167161579861073E-002 -2.671434496211940E-002
  4.056142222830156E-003 -7.742951455222487E-003  7.271648786698571E-003
  7.811176422132668E-002 -5.166879621834962E-002  4.195019980826525E-002
  3.975932665765359E-003 -9.038168293955179E-003  5.963054482265612E-003
 -7.992144896692421E-003  8.672210677475678E-004 -2.163411533290893E-005
 -2.457391866164045E-006  3.216381630558905E-006 -1.020791710871474E-006
  4.646769591660763E-002 -0.206949879840885       0.124720029916572     
  2.565583370395451E-003  2.185074875592051E-003  2.312643353040617E-004
  5.391769214458322E-003 -2.014384464997044E-002  1.785756486796200E-002
 -5.166879621834962E-002  0.217499337780055      -0.136335790714367     
 -2.138192117970634E-003  5.986646879839140E-003 -5.201879472642681E-003
 -6.237957878772813E-004  1.417728135618024E-003 -1.295529013891576E-003
  5.735622736098111E-006  4.936819750968538E-006  2.434008106383234E-005
 -3.713076779725107E-002  0.124539140589971      -0.152417312793780     
 -2.320099857530809E-003  1.791649158446702E-004  1.622805989706257E-003
  3.252048996743241E-003 -1.079329698160011E-002  8.713178570212851E-003
  4.195019980826523E-002 -0.136335790714367       0.157512414222377     
 -6.188879439265784E-003  2.345203468899383E-002 -1.672068273683902E-002
  4.397746333775827E-004 -1.033559527603704E-003  1.296982936570319E-003
 -2.276344338545395E-006 -7.692971238179361E-006 -7.386188247116239E-006
 -7.758299860527969E-002  1.574192464671691E-002  7.697124558810958E-002
 -3.233040461430156E-002  6.815297524249473E-003  3.160993556976101E-002
  6.250320878206762E-003 -1.321643386032826E-003 -9.599953547338178E-003
  3.975932665765366E-003 -2.138192117970638E-003 -6.188879439265779E-003
  9.816610880535084E-002 -1.799515922969516E-002 -9.401778841136936E-002
  1.525513246806350E-003 -1.089603806020427E-003  1.260983733493221E-003
 -4.472376548963473E-006 -1.262363124781678E-005 -3.554349338968024E-005
  1.492457267125339E-002 -6.173015955696604E-002 -4.236117367462162E-002
  2.406410508691796E-003  3.278226919437191E-003  5.914635810979372E-004
  9.098702094385050E-003 -3.706993507457386E-003 -2.722598429188376E-002
 -9.038168293955182E-003  5.986646879839150E-003  2.345203468899383E-002
 -1.799515922969516E-002  5.629434440452822E-002  4.646923359231294E-002
  6.202274820018673E-004 -9.929219753233519E-005 -8.823310641783043E-004
 -1.658523268133014E-005 -2.277294184855410E-005 -4.324283172144847E-005
  8.261718962256991E-002 -4.125950086416737E-002 -0.273788342450780     
  1.367280341580851E-003  4.833766296053888E-004  1.003104285841338E-002
  3.390255376686623E-003 -6.799694574739218E-004 -9.924112506198065E-003
  5.963054482265625E-003 -5.201879472642673E-003 -1.672068273683905E-002
 -9.401778841136936E-002  4.646923359231294E-002  0.289367936029948     
  7.360704960526342E-004  2.337736442113866E-004  1.160406552943826E-003
 -5.606190778369322E-005 -4.503407184423350E-005 -1.262477474909435E-004
 -1.770735828671624E-002  3.367432519491428E-002 -3.087783301886428E-002
 -7.550949463114209E-002  6.655220214916568E-002 -6.166941701329443E-002
  9.872415398423568E-004 -4.839525299125345E-004 -7.091252295187706E-004
 -7.992144896692413E-003 -6.237957878772837E-004  4.397746333775847E-004
  1.525513246806355E-003  6.202274820018477E-004  7.360704960526311E-004
  9.869843329746357E-002 -9.974432634055404E-002  9.206551529910857E-002
 -2.190269562208421E-006  5.319832261281823E-006  1.501483313904133E-005
 -6.282998778304980E-003 -1.254102367205425E-003  4.422767013719434E-004
  0.107649673727933      -0.263704154790234       0.241473058778304     
 -1.403066977049820E-003  8.820608864605091E-004 -7.150988379354473E-004
  8.672210677475895E-004  1.417728135618008E-003 -1.033559527603710E-003
 -1.089603806020436E-003 -9.929219753233917E-005  2.337736442113787E-004
 -9.974432634055404E-002  0.262774812470257      -0.240368337659793     
  3.101106249946424E-006 -1.705213736115449E-005 -3.211309855666333E-005
  6.270420675740802E-003 -1.435996831997431E-004 -6.203856557733892E-004
 -0.100218127721374       0.242132032397292      -0.227760662515598     
  6.538668985680640E-004  5.326622978765576E-004 -4.206813250200621E-004
 -2.163411533291868E-005 -1.295529013891589E-003  1.296982936570300E-003
  1.260983733493208E-003 -8.823310641783049E-004  1.160406552943803E-003
  9.206551529910859E-002 -0.240368337659793       0.226314411574338     
 -1.102477020567876E-005  2.510272589151452E-005  2.992843254073775E-005
 -8.518463089717159E-006 -1.800918309572989E-005 -2.756148942947567E-005
 -6.634681535222585E-006 -6.460184410719908E-006  7.909331338549583E-006
 -1.370772664243641E-006 -6.754120995907793E-006 -7.845329187467094E-006
 -2.457391866168621E-006  5.735622736097924E-006 -2.276344338552449E-006
 -4.472376548955632E-006 -1.658523268132544E-005 -5.606190778369474E-005
 -2.190269562208339E-006  3.101106249928855E-006 -1.102477020568880E-005
  2.564395526651591E-005  3.897199219765491E-005  9.686050960632977E-005
  1.965716662920541E-006 -8.034274817911298E-006 -6.689182852483417E-005
 -3.716471577678166E-005  1.816349163089776E-005  2.367870417188043E-005
  3.144242721927890E-007 -7.348033796705805E-006  1.050468547171650E-006
  3.216381630554224E-006  4.936819750969224E-006 -7.692971238177858E-006
 -1.262363124781995E-005 -2.277294184854929E-005 -4.503407184422808E-005
  5.319832261279218E-006 -1.705213736115528E-005  2.510272589152113E-005
  3.897199219765431E-005  3.210707644245357E-005  6.978697299666752E-005
 -1.405467225755570E-005 -7.468609352806207E-005 -1.461506329114056E-004
 -7.077632414996529E-005  7.220464659882612E-005  7.071959916446723E-005
  9.519938762702554E-006 -1.628967685318238E-005 -9.451301582649807E-006
 -1.020791710875180E-006  2.434008106384571E-005 -7.386188247113867E-006
 -3.554349338967898E-005 -4.324283172144076E-005 -1.262477474909523E-004
  1.501483313904984E-005 -3.211309855665453E-005  2.992843254074603E-005
  9.686050960632169E-005  6.978697299666502E-005  1.885878385269098E-004
 Masses in au
   21874.6618111745        29156.9463602902        1837.15258665392     
   1837.15258665392        1837.15258665392        1837.15258665392     
   1837.15258665392     
