 Coordinates, Gradient and Hessian of a Structure written by dl-find
           7           1           1
  0.000000000000000E+000
 Energy
  -116.094037555953     
 Coordinates
  -8.00207703637040        1.09889230648056       5.218215619550860E-002
  -5.40758437261056       0.897575756590809      -0.225728416874307     
  -9.04111735304626      -0.669800576767254      -0.134826328261471     
  -8.71585268643354        2.59892426175844       -1.15012241838299     
  -8.54509849690007        1.86175738608170        2.36225640620174     
  -4.83038021338264      -0.550123620249147       0.701686312705997     
  -8.83989434462635        2.39071984715286        4.08909845789612     
 Gradient
  4.059203209507725E-004 -3.204282582896598E-004 -1.247282407007988E-004
 -4.202891900888818E-004  2.800330401422101E-004 -8.802523271649799E-005
  1.087092250750699E-004  1.926328155188365E-004  2.742999914596791E-005
  6.584246053877743E-006 -3.405503115910700E-005  2.862551305858128E-005
  3.469636275195584E-005  4.802243371000122E-005  1.806386566176958E-004
 -1.498309296489851E-004 -1.171605069717955E-004  1.207386665123224E-004
  1.420996490619227E-005 -4.904449295047853E-005 -1.446793619172928E-004
 Hessian
  0.511176033293149       1.907875823863069E-002  8.033576167635914E-002
 -0.288369609551806       3.736819565288483E-002  1.548732420697241E-002
 -0.106968344336371      -0.110480324212744      -2.242376908671046E-002
 -7.479608482887452E-002  6.357169570407162E-002 -6.306857119170227E-002
 -2.029969627536177E-002 -1.313647020212647E-002 -4.023508576786759E-002
 -2.122536656355413E-002 -3.735583682806480E-003  6.528401089563849E-003
  4.830682628184082E-004  7.333728502087787E-003  2.337593907338969E-002
  1.907875823863069E-002  0.581739057845367      -0.143004138877305     
 -9.559402670159865E-003 -8.637674850247563E-002  2.593452237021712E-002
 -0.101263108639053      -0.262692494379098      -2.421893693393627E-002
  5.528074554079056E-002 -0.202307316608578       0.140448840727117     
 -9.542681685432604E-003 -2.244669033705144E-002  3.695232749077774E-002
  4.043070453902354E-002 -3.606299195869892E-003 -5.123190156303352E-003
  5.574984676200706E-003 -4.309508822292244E-003 -3.098942462057206E-002
  8.033576167635913E-002 -0.143004138877305       0.232241090592753     
  1.493551621950343E-002  2.268963890027541E-002 -5.127437068186684E-002
 -1.149768359783628E-002 -1.241628249948149E-002 -3.464633100002783E-002
 -4.683702663070336E-002  0.126877606255390      -0.138105429430125     
 -3.152236706865347E-002  3.631454538190534E-002  8.083201020425694E-002
 -2.396005434901812E-002 -1.284829555351757E-004  2.231877139319012E-003
  1.854585375034934E-002 -3.033288620524440E-002 -9.127884682432187E-002
 -0.288369609551806      -9.559402670159865E-003  1.493551621950345E-002
  0.439156726398387      -0.141328128466547       4.202202831447548E-002
 -3.149048390776183E-002  3.122575225492871E-003  6.557467797383153E-003
 -2.103947872069517E-002  3.918301136888029E-003  3.341693448433972E-003
 -1.966557068775223E-002  8.474356851454869E-003  2.257656912697882E-002
 -8.234220286444689E-002  0.137624913755987      -8.405993221380630E-002
  3.750619334075498E-003 -2.252615833113345E-003 -5.373342692971577E-003
  3.736819565288486E-002 -8.637674850247570E-002  2.268963890027538E-002
 -0.141328128466547       0.414096852105425      -0.236507962486242     
 -2.796027506244497E-002  1.226826596787162E-002  5.491893380886772E-003
  3.136708285513615E-002  5.249200994796166E-004 -6.464498789461998E-003
  9.493618457452833E-003 -7.680884508934250E-005 -7.499204471100976E-003
  9.232076987849669E-002 -0.341339221915376       0.219595495157436     
 -1.261263314978426E-003  9.027410901608104E-004  2.694638308209365E-003
  1.548732420697242E-002  2.593452237021710E-002 -5.127437068186687E-002
  4.202202831447547E-002 -0.236507962486242       0.190438213160688     
 -3.300236067602011E-003 -5.539817479231585E-004  4.552941330457598E-003
 -2.249437048588331E-002  2.748430876147410E-004  5.710092028842888E-003
  2.412562578308301E-002 -4.849411951737734E-003 -9.496363430728546E-003
 -5.292706646584942E-002  0.213711193730245      -0.145284226226839     
 -2.913305285196147E-003  1.990796997827411E-003  5.353713819445568E-003
 -0.106968344336371      -0.101263108639053      -1.149768359783627E-002
 -3.149048390776184E-002 -2.796027506244500E-002 -3.300236067602008E-003
  0.127309686871785       0.120228614528053       1.235757719540306E-002
  7.216634797758914E-003  8.697571096822504E-003  1.334265347919142E-003
  2.306254093761871E-003  1.803665312705119E-003  4.786206459082352E-004
  1.707241456822191E-003 -1.488912163884215E-003  1.369168571080867E-003
 -8.098897599461101E-005 -1.755507219825135E-005 -7.417120948730901E-004
 -0.110480324212744      -0.262692494379098      -1.241628249948150E-002
  3.122575225492866E-003  1.226826596787162E-002 -5.539817479231670E-004
  0.120228614528053       0.266912816700056       1.957034245024541E-002
 -9.978608601784638E-003 -1.382029570510834E-002 -5.751455846135856E-003
 -2.291225141702021E-003 -5.001202959160778E-003 -7.619773004970826E-004
 -9.529116227024349E-004  1.750886848180786E-003  3.328344714142850E-004
  3.518798253873798E-004  5.820235272582630E-004 -4.194795276220613E-004
 -2.242376908671046E-002 -2.421893693393628E-002 -3.464633100002784E-002
  6.557467797383153E-003  5.491893380886786E-003  4.552941330457612E-003
  1.235757719540307E-002  1.957034245024542E-002  3.600370761882963E-002
  9.138473589283453E-003  1.690294316470640E-002  5.110324850038670E-003
 -4.156653899387875E-003 -1.938696008192067E-002 -1.482608991358746E-002
 -9.268504055452875E-004 -7.031847121336873E-004 -7.579689552944344E-004
 -5.462451904261620E-004  2.343902732151509E-003  4.563416069585297E-003
 -7.479608482887452E-002  5.528074554079056E-002 -4.683702663070335E-002
 -2.103947872069514E-002  3.136708285513619E-002 -2.249437048588331E-002
  7.216634797758905E-003 -9.978608601784639E-003  9.138473589283465E-003
  9.455693712660007E-002 -7.471795708061389E-002  5.936622643625861E-002
  1.549642896544500E-003 -1.864060688834542E-003  1.431195700346246E-003
 -7.332572136125487E-003  6.264940042638253E-005 -1.308313360723312E-004
 -1.550791352083241E-004 -1.498514251200115E-004 -4.736672732294894E-004
  6.357169570407165E-002 -0.202307316608578       0.126877606255390     
  3.918301136888026E-003  5.249200994795524E-004  2.748430876147500E-004
  8.697571096822513E-003 -1.382029570510835E-002  1.690294316470639E-002
 -7.471795708061388E-002  0.209939585817842      -0.136983203791567     
 -6.029558890903261E-004  2.313358912360574E-003 -9.503646367362686E-003
 -4.817574970357536E-004  2.440003866973483E-003 -4.748060380183575E-005
 -3.848974710422687E-004  9.097436170309932E-004  2.478938255021158E-003
 -6.306857119170227E-002  0.140448840727117      -0.138105429430125     
  3.341693448433969E-003 -6.464498789461991E-003  5.710092028842891E-003
  1.334265347919140E-003 -5.751455846135856E-003  5.110324850038684E-003
  5.936622643625862E-002 -0.136983203791567       0.140887046507656     
 -2.667630154867827E-003  9.156893572002686E-003 -1.902916593823217E-002
  1.877012964348591E-003 -4.228656325288880E-004  1.755999050786128E-003
 -1.829968503903858E-004  1.628976057335895E-005  3.671132931034950E-003
 -2.029969627536177E-002 -9.542681685432609E-003 -3.152236706865347E-002
 -1.966557068775221E-002  9.493618457452840E-003  2.412562578308302E-002
  2.306254093761875E-003 -2.291225141702020E-003 -4.156653899387875E-003
  1.549642896544506E-003 -6.029558890903301E-004 -2.667630154867828E-003
  4.670204701231024E-002  6.211441663327104E-003  2.137039249953376E-002
  3.751823594284392E-004 -9.504674901933972E-004  9.080000949099753E-004
 -1.096785939893087E-002 -2.317729914360824E-003 -8.057367254619807E-003
 -1.313647020212647E-002 -2.244669033705143E-002  3.631454538190533E-002
  8.474356851454862E-003 -7.680884508936250E-005 -4.849411951737728E-003
  1.803665312705118E-003 -5.001202959160776E-003 -1.938696008192068E-002
 -1.864060688834546E-003  2.313358912360580E-003  9.156893572002693E-003
  6.211441663327101E-003  3.340309982366602E-002 -3.163772922536025E-002
  2.252050496304032E-004  6.047461604684127E-004 -5.901951677555145E-004
 -1.714137986156729E-003 -8.796502755194526E-003  1.099285747286937E-002
 -4.023508576786759E-002  3.695232749077775E-002  8.083201020425695E-002
  2.257656912697881E-002 -7.499204471101002E-003 -9.496363430728544E-003
  4.786206459082389E-004 -7.619773004970834E-004 -1.482608991358746E-002
  1.431195700346252E-003 -9.503646367362676E-003 -1.902916593823218E-002
  2.137039249953376E-002 -3.163772922536025E-002 -5.726443353454203E-002
 -1.405716276495553E-004  2.828684738572143E-003  5.735391971175165E-005
 -5.481120577250343E-003  9.621545134969094E-003  1.972668869312731E-002
 -2.122536656355412E-002  4.043070453902355E-002 -2.396005434901812E-002
 -8.234220286444688E-002  9.232076987849665E-002 -5.292706646584943E-002
  1.707241456822204E-003 -9.529116227024257E-004 -9.268504055452825E-004
 -7.332572136125473E-003 -4.817574970357556E-004  1.877012964348599E-003
  3.751823594284375E-004  2.252050496304017E-004 -1.405716276495500E-004
  0.108909047653656      -0.131610542296776       7.578302033807217E-002
 -9.132990577999328E-005  6.853194936225367E-005  2.945095456424295E-004
 -3.735583682806480E-003 -3.606299195869877E-003 -1.284829555351742E-004
  0.137624913755987      -0.341339221915376       0.213711193730245     
 -1.488912163884222E-003  1.750886848180778E-003 -7.031847121336844E-004
  6.264940042643073E-005  2.440003866973474E-003 -4.228656325288774E-004
 -9.504674901933851E-004  6.047461604683939E-004  2.828684738572147E-003
 -0.131610542296776       0.340633651354796      -0.214406162665779     
  9.794247724698426E-005 -4.837671191689489E-004 -8.791825028430724E-004
  6.528401089563841E-003 -5.123190156303370E-003  2.231877139319015E-003
 -8.405993221380631E-002  0.219595495157436      -0.145284226226839     
  1.369168571080882E-003  3.328344714142803E-004 -7.579689552944413E-004
 -1.308313360723437E-004 -4.748060380181868E-005  1.755999050786121E-003
  9.080000949099812E-004 -5.901951677555018E-004  5.735391971175070E-005
  7.578302033807217E-002 -0.214406162665779       0.141969496624980     
 -3.978265437483011E-004  2.386989647869672E-004  2.746844733782510E-005
  4.830682628183992E-004  5.574984676200686E-003  1.854585375034933E-002
  3.750619334075514E-003 -1.261263314978421E-003 -2.913305285196150E-003
 -8.098897599461526E-005  3.518798253873859E-004 -5.462451904261645E-004
 -1.550791352083414E-004 -3.848974710422676E-004 -1.829968503903833E-004
 -1.096785939893087E-002 -1.714137986156732E-003 -5.481120577250344E-003
 -9.132990577999591E-005  9.794247724698732E-005 -3.978265437483028E-004
  7.061569819019867E-003 -2.664508206657551E-003 -9.024359303338130E-003
  7.333728502087785E-003 -4.309508822292250E-003 -3.033288620524442E-002
 -2.252615833113343E-003  9.027410901607996E-004  1.990796997827410E-003
 -1.755507219825664E-005  5.820235272582610E-004  2.343902732151512E-003
 -1.498514251200087E-004  9.097436170309890E-004  1.628976057335889E-005
 -2.317729914360827E-003 -8.796502755194524E-003  9.621545134969102E-003
  6.853194936225455E-005 -4.837671191689411E-004  2.386989647869672E-004
 -2.664508206657555E-003  1.119527046220548E-002  1.612165261493633E-002
  2.337593907338969E-002 -3.098942462057206E-002 -9.127884682432189E-002
 -5.373342692971577E-003  2.694638308209347E-003  5.353713819445564E-003
 -7.417120948730932E-004 -4.194795276220567E-004  4.563416069585292E-003
 -4.736672732294861E-004  2.478938255021163E-003  3.671132931034937E-003
 -8.057367254619797E-003  1.099285747286936E-002  1.972668869312729E-002
  2.945095456424243E-004 -8.791825028430706E-004  2.746844733782510E-005
 -9.024359303338130E-003  1.612165261493633E-002  5.793642686379309E-002
 Masses in au
   21874.6618111745        29156.9463602902        1837.15258665392     
   1837.15258665392        1837.15258665392        1837.15258665392     
   1837.15258665392     
