 Coordinates, Gradient and Hessian of a Structure written by dl-find
           7           1           1
  0.000000000000000E+000
 Energy
  -116.107236486011     
 Coordinates
  -8.00869712681801        1.09969638517588       4.959360861183210E-002
  -5.39185636656283       0.882860077116722      -0.253152130215168     
  -8.99734126796804      -0.666057028246841      -0.340175932796482     
  -8.66142496804378        2.51779924095727       -1.27584763406033     
  -8.52360247815731        1.72534198666889        1.94599497567034     
  -4.78994270840085      -0.467349812934068       0.769975743090602     
  -9.17082271102228        2.74571426055393        5.23420270712415     
 Gradient
  1.015204821275517E-002  1.096151065425020E-004 -1.325909506094649E-003
 -1.060300264988671E-002 -4.075412159050574E-003  6.151249912033287E-003
  9.488498045286082E-004  1.937146403684198E-003  1.158803635906618E-003
  7.232725962907522E-004 -1.798788113569410E-003  2.534500586091463E-003
  1.167523210093790E-004 -1.195558067367121E-004 -1.107047189284629E-003
 -1.894787078038303E-003  4.916663025196486E-003 -4.303927225212206E-003
  5.568667933411556E-004 -9.696684560663155E-004 -3.107670213439969E-003
 Hessian
  0.518287771440107      -4.136029287882478E-003  1.411596650128481E-002
 -0.278539725073868       3.772850946908201E-002  1.064968415417913E-002
 -9.594682452002186E-002 -9.825315426951983E-002 -2.291256926786685E-002
 -6.646699544482096E-002  5.649851442115972E-002 -5.595170796855534E-002
 -5.705091657369216E-002  1.356853836768479E-002  4.369175164137106E-002
 -2.025763305193156E-002 -6.123656637171516E-003  8.167148162832007E-003
 -2.567677577200870E-005  7.172779366494655E-004  2.239726776753523E-003
 -4.136029287882476E-003  0.595186706639119      -2.599034147650736E-002
 -1.277672707456830E-003 -8.022477672025130E-002  1.798824994015176E-002
 -9.227117843629176E-002 -0.251536940541201      -4.572127801234437E-002
  4.667961660963477E-002 -0.184813629228575       0.129351545990833     
  1.384530953965465E-002 -7.625270038855031E-002 -6.885794118480226E-002
  3.675911030656867E-002 -2.307602519881621E-003 -4.992342990164242E-003
  4.008439757713506E-004 -5.105724066379587E-005 -1.777892267163519E-003
  1.411596650128481E-002 -2.599034147650738E-002  0.579217347727462     
  4.063920943183451E-002  1.186586428172396E-002 -7.439341772212148E-002
 -2.238425967695428E-002 -4.350990184376144E-002 -6.291156468022729E-002
 -4.558000533003013E-002  0.126816905218537      -0.171480169008983     
  3.947580323950937E-002 -6.951160608222706E-002 -0.267119138691944     
 -2.754121730874726E-002  2.129826893372135E-003  1.774570358198006E-003
  1.274503143096444E-003 -1.800746991151276E-003 -5.087627982373678E-003
 -0.278539725073867      -1.277672707456831E-003  4.063920943183454E-002
  0.455180073394142      -0.156410802194426       5.192291345850205E-002
 -3.611205802778877E-002  1.215375092987286E-003  3.344503817237313E-003
 -2.404311300961030E-002  4.376513959325328E-003  1.625800116036041E-003
 -2.770470694550316E-002  5.325524877364591E-003  9.394378404840231E-003
 -8.913001961729589E-002  0.147145553929661      -0.105886974305692     
  3.495492799242935E-004 -3.744929574524415E-004 -1.039830922759758E-003
  3.772850946908200E-002 -8.022477672025134E-002  1.186586428172396E-002
 -0.156410802194426       0.381968981907573      -0.259098700482115     
 -2.888570040748257E-002  1.202244315169399E-002  5.626780079010665E-003
  3.171234005353854E-002 -2.966530295609096E-004 -4.636125844989271E-003
  1.340513652121292E-002  3.170413499384595E-003 -1.278077886767873E-003
  0.102616678751314      -0.316741388205189       0.247121634333425     
 -1.661621932410097E-004  1.009793963441570E-004  3.986255197156630E-004
  1.064968415417912E-002  1.798824994015176E-002 -7.439341772212171E-002
  5.192291345850206E-002 -0.259098700482115       0.244006047282170     
 -4.679182796976523E-003  1.413486793905419E-003  4.525492388176953E-003
 -2.539864603903337E-002  9.870756732435367E-004  6.687897613550280E-003
  3.710621205505206E-002 -1.285319574316906E-003  4.702184026056378E-003
 -6.929467234804357E-002  0.239812378926091      -0.186000144218943     
 -3.063084836781873E-004  1.828287230440919E-004  4.719406311082520E-004
 -9.594682452002190E-002 -9.227117843629176E-002 -2.238425967695428E-002
 -3.611205802778875E-002 -2.888570040748259E-002 -4.679182796976526E-003
  0.119809120952763       0.110650082042134       2.317483058944634E-002
  5.686728389888209E-003  7.667778293714929E-003  2.585622491441667E-003
  4.985395947582794E-003  4.410161190973358E-003  5.534119452082619E-004
  1.593155492361233E-003 -1.498786817806565E-003  9.268051896615313E-004
 -1.551823478424698E-005 -7.235586524164888E-005 -1.772277418270217E-004
 -9.825315426951982E-002 -0.251536940541201      -4.350990184376142E-002
  1.215375092987281E-003  1.202244315169398E-002  1.413486793905436E-003
  0.110650082042134       0.264482051310720       4.923624638789380E-002
 -9.254246984390755E-003 -1.832007501280764E-002 -6.595031427715194E-003
 -3.694743400091552E-003 -8.109187922305647E-003 -8.217305818373353E-004
 -6.963951523537740E-004  1.506138697352529E-003  4.577421631067691E-004
  3.308267123431876E-005 -4.442968345224761E-005 -1.808114915920302E-004
 -2.291256926786685E-002 -4.572127801234436E-002 -6.291156468022736E-002
  3.344503817237320E-003  5.626780079010671E-003  4.525492388176961E-003
  2.317483058944635E-002  4.923624638789378E-002  5.817350089557657E-002
  1.001112663526724E-002  1.970149261376057E-002  5.687127138234691E-003
 -1.256712667667008E-002 -2.863020698716686E-002 -5.809635781383091E-003
 -1.002971658774864E-003 -4.556019373161573E-004 -8.851362587596386E-005
 -4.779343863926225E-005  2.425678561619960E-004  4.235936654984153E-004
 -6.646699544482094E-002  4.667961660963476E-002 -4.558000533003009E-002
 -2.404311300961031E-002  3.171234005353856E-002 -2.539864603903339E-002
  5.686728389888205E-003 -9.254246984390754E-003  1.001112663526724E-002
  8.931914619718638E-002 -6.484133638963756E-002  5.772247762136219E-002
  3.297011937186150E-003 -4.601988335017756E-003  3.271005925447789E-003
 -7.778053599681717E-003  3.168800244490541E-004  9.276324983913065E-005
 -1.472447014769142E-005 -1.126497857609572E-005 -1.187220628530223E-004
  5.649851442115968E-002 -0.184813629228575       0.126816905218537     
  4.376513959325336E-003 -2.966530295609276E-004  9.870756732435219E-004
  7.667778293714942E-003 -1.832007501280764E-002  1.970149261376059E-002
 -6.484133638963754E-002  0.193561172596581      -0.138755568198770     
 -3.495139921403975E-003  8.085580961053964E-003 -8.236141630035321E-003
 -1.565653805313345E-004  1.712675654896021E-003 -8.861319185772305E-004
 -4.976498262730057E-005  7.092805841194663E-005  3.723682418419458E-004
 -5.595170796855534E-002  0.129351545990833      -0.171480169008983     
  1.625800116036035E-003 -4.636125844989279E-003  6.687897613550260E-003
  2.585622491441671E-003 -6.595031427715192E-003  5.687127138234685E-003
  5.772247762136216E-002 -0.138755568198770       0.177626117589547     
 -7.860562853592323E-003  2.208292750298918E-002 -1.973606297737710E-002
  1.885824474711131E-003 -1.419042497267558E-003  1.013823751620826E-003
 -7.453881403851804E-006 -2.870552508135411E-005  2.012658934075345E-004
 -5.705091657369216E-002  1.384530953965464E-002  3.947580323950935E-002
 -2.770470694550315E-002  1.340513652121290E-002  3.710621205505203E-002
  4.985395947582797E-003 -3.694743400091549E-003 -1.256712667667008E-002
  3.297011937186155E-003 -3.495139921403975E-003 -7.860562853592316E-003
  7.490024581154262E-002 -1.910458709471686E-002 -5.739604651687037E-002
  1.134029797786014E-003 -9.485229350118432E-004  1.266477969724707E-003
  4.389400250962959E-004 -7.452709646496501E-006 -2.475721715085450E-005
  1.356853836768479E-002 -7.625270038855030E-002 -6.951160608222709E-002
  5.325524877364593E-003  3.170413499384602E-003 -1.285319574316903E-003
  4.410161190973354E-003 -8.109187922305640E-003 -2.863020698716686E-002
 -4.601988335017738E-003  8.085580961053974E-003  2.208292750298919E-002
 -1.910458709471685E-002  7.305702332657361E-002  7.857063806441156E-002
  3.816844416730137E-004 -2.807282542136102E-004 -1.044485727372759E-003
  2.066655204079948E-005  3.295987780617179E-004 -1.819471963205187E-004
  4.369175164137107E-002 -6.885794118480225E-002 -0.267119138691944     
  9.394378404840201E-003 -1.278077886767876E-003  4.702184026056397E-003
  5.534119452082670E-004 -8.217305818373282E-004 -5.809635781383092E-003
  3.271005925447783E-003 -8.236141630035323E-003 -1.973606297737710E-002
 -5.739604651687036E-002  7.857063806441156E-002  0.287743055599842     
  3.833443312345550E-004  8.261195994889892E-004  4.944404810868771E-004
  1.021542687756354E-004 -2.028663804419212E-004 -2.748426562931265E-004
 -2.025763305193157E-002  3.675911030656869E-002 -2.754121730874726E-002
 -8.913001961729591E-002  0.102616678751314      -6.929467234804354E-002
  1.593155492361229E-003 -6.963951523537793E-004 -1.002971658774862E-003
 -7.778053599681689E-003 -1.565653805313401E-004  1.885824474711129E-003
  1.134029797786019E-003  3.816844416730160E-004  3.833443312345515E-004
  0.114475095597354      -0.138949681718840       9.546862722285329E-002
 -3.657461859249027E-005  4.516875216784349E-005  1.010652867678376E-004
 -6.123656637171510E-003 -2.307602519881635E-003  2.129826893372119E-003
  0.147145553929661      -0.316741388205189       0.239812378926091     
 -1.498786817806542E-003  1.506138697352542E-003 -4.556019373161702E-004
  3.168800244490325E-004  1.712675654896019E-003 -1.419042497267558E-003
 -9.485229350118346E-004 -2.807282542136167E-004  8.261195994890007E-004
 -0.138949681718840       0.316197243137599      -0.240688668480334     
  5.821415472252931E-005 -8.633851055796145E-005 -2.050125040369790E-004
  8.167148162832007E-003 -4.992342990164255E-003  1.774570358198042E-003
 -0.105886974305692       0.247121634333425      -0.186000144218943     
  9.268051896615277E-004  4.577421631067775E-004 -8.851362587594734E-005
  9.276324983916876E-005 -8.861319185772272E-004  1.013823751620827E-003
  1.266477969724668E-003 -1.044485727372738E-003  4.944404810868675E-004
  9.546862722285332E-002 -0.240688668480334       0.182766402475429     
 -3.484748921997757E-005  3.225261991326912E-005  3.942077848640707E-005
 -2.567677577201284E-005  4.008439757713379E-004  1.274503143096377E-003
  3.495492799243021E-004 -1.661621932410052E-004 -3.063084836781602E-004
 -1.551823478424617E-005  3.308267123431590E-005 -4.779343863926332E-005
 -1.472447014767889E-005 -4.976498262729747E-005 -7.453881403856421E-006
  4.389400250962947E-004  2.066655204080024E-005  1.021542687756331E-004
 -3.657461859249098E-005  5.821415472255365E-005 -3.484748921999340E-005
 -6.959952057241472E-004 -2.968801779006505E-004 -9.802541189307676E-004
  7.172779366494679E-004 -5.105724066382337E-005 -1.800746991151279E-003
 -3.744929574524409E-004  1.009793963441623E-004  1.828287230440884E-004
 -7.235586524165313E-005 -4.442968345224927E-005  2.425678561619962E-004
 -1.126497857610329E-005  7.092805841194680E-005 -2.870552508135437E-005
 -7.452709646494211E-006  3.295987780617161E-004 -2.028663804419182E-004
  4.516875216784540E-005 -8.633851055796954E-005  3.225261991327261E-005
 -2.968801779006495E-004 -3.196807981438669E-004  1.574669697555245E-003
  2.239726776753523E-003 -1.777892267163531E-003 -5.087627982373653E-003
 -1.039830922759745E-003  3.986255197156614E-004  4.719406311082299E-004
 -1.772277418270234E-004 -1.808114915920306E-004  4.235936654984173E-004
 -1.187220628530159E-004  3.723682418419499E-004  2.012658934075160E-004
 -2.475721715086741E-005 -1.819471963205253E-004 -2.748426562931628E-004
  1.010652867678357E-004 -2.050125040369992E-004  3.942077848641297E-005
 -9.802541189307692E-004  1.574669697555249E-003  4.226249670166361E-003
 Masses in au
   21874.6618111745        29156.9463602902        1837.15258665392     
   1837.15258665392        1837.15258665392        1837.15258665392     
   1837.15258665392     
