 Coordinates, Gradient and Hessian of a Structure written by dl-find
           7           1           1
  0.000000000000000E+000
 Energy
  -116.089072668804     
 Coordinates
  -7.98404620941051        1.09383993327300       3.614763648295710E-002
  -5.41109510680603       0.890669372553678      -0.238875245272348     
  -9.01932464721732      -0.668395753965601      -0.172778653708080     
  -8.68928879872457        2.58759081506670       -1.16737751254750     
  -8.59747491699659        1.89167364889173        2.46709163847730     
  -4.80990861546417      -0.516363086487536       0.708249711353701     
  -9.01531634799135        2.50673697004175        4.43248031197724     
 Gradient
  1.002665433465553E-002 -6.862879800871958E-003 -2.326630901222131E-002
 -5.402019734790553E-003 -6.100586577411848E-003  4.146546760712764E-003
  1.531997897546035E-003  1.622214447093357E-003 -1.003080227382080E-003
  1.166120126776816E-003 -2.215214931621753E-003  6.061994281954607E-004
 -1.641365544184178E-003  1.996074522480960E-003  5.915005818578505E-003
 -1.842648895333696E-003  6.024022477504700E-003 -3.796814235287085E-003
 -3.838738184670160E-003  5.536369862825728E-003  1.739845146740448E-002
 Hessian
  0.538137747665527       2.216236648319460E-002  9.391787405734028E-002
 -0.310558477616727       3.858557922234247E-002  1.606833923585702E-002
 -0.107732042829978      -0.112986631582404      -2.506710155971693E-002
 -7.454712792872413E-002  6.495406105734296E-002 -6.479622714369764E-002
 -2.168524503545878E-002 -1.661749282248596E-002 -5.029270100781526E-002
 -2.152665175465247E-002 -3.269205163236784E-003  7.564309843737034E-003
 -2.088202499988918E-003  7.171322805239700E-003  2.260550657430291E-002
  2.216236648319461E-002  0.591878134077141      -0.156215065425872     
 -8.319658375896178E-003 -8.565671235526751E-002  2.655912373218212E-002
 -0.103075249275059      -0.266456232434158      -2.713942167616717E-002
  5.598502676046084E-002 -0.205981711197829       0.144105791591651     
 -1.271622237287008E-002 -2.533446230260489E-002  4.339418455375536E-002
  4.037954393093738E-002 -3.632085024520316E-003 -5.380600228368452E-003
  5.584192849235180E-003 -4.816930762755913E-003 -2.532401254718751E-002
  9.391787405734034E-002 -0.156215065425872       0.207117063786256     
  1.532659250896933E-002  2.341703259700436E-002 -5.231642359981897E-002
 -1.329896584154524E-002 -1.548974077805695E-002 -3.523171946947807E-002
 -4.790648214431332E-002  0.130748901145847      -0.141482246205187     
 -4.152411197532652E-002  4.376098804996693E-002  9.594624286706482E-002
 -2.484875656429861E-002 -6.485486879351518E-004  2.393764465615887E-003
  1.833384995918007E-002 -2.557356690093884E-002 -7.642668184447002E-002
 -0.310558477616727      -8.319658375896192E-003  1.532659250896930E-002
  0.469023014185701      -0.154665901589516       5.275145096563853E-002
 -3.296245020675756E-002  3.029248615535082E-003  7.006306259364758E-003
 -2.223057903330890E-002  4.135389559114356E-003  3.324465390248289E-003
 -1.932357424481383E-002  9.282820004066258E-003  2.476161895301892E-002
 -8.718779145203343E-002  0.148869110567500      -9.705667029176590E-002
  3.239858367942337E-003 -2.331008780797704E-003 -6.113763785478883E-003
  3.858557922234246E-002 -8.565671235526752E-002  2.341703259700436E-002
 -0.154665901589516       0.415345976073876      -0.252638439106495     
 -2.890341133973541E-002  1.246375216998733E-002  5.357201582221521E-003
  3.234243799095760E-002  6.879759919899898E-004 -6.143096310730676E-003
  9.558853567909548E-003 -1.549524727813221E-004 -8.137747297483702E-003
  0.104211524255777      -0.343670834686161       0.235364697571864     
 -1.129082107737843E-003  9.847952783492275E-004  2.780350963625468E-003
  1.606833923585701E-002  2.655912373218212E-002 -5.231642359981898E-002
  5.275145096563862E-002 -0.252638439106495       0.205338156415464     
 -3.301054902433598E-003 -3.256612100137028E-004  5.226524140048696E-003
 -2.326983649594030E-002  1.818125914135167E-004  5.493917769594046E-003
  2.370985184329818E-002 -4.593568608797542E-003 -8.912156261208488E-003
 -6.363457131987474E-002  0.229102992070882      -0.159495146006749     
 -2.324179326544490E-003  1.713740530832452E-003  4.665127542668048E-003
 -0.107732042829978      -0.103075249275059      -1.329896584154525E-002
 -3.296245020675757E-002 -2.890341133973543E-002 -3.301054902433603E-003
  0.129388824252509       0.122631191483880       1.372320306988992E-002
  7.245237716883067E-003  8.646342780633092E-003  1.334273529537536E-003
  2.318675844965310E-003  2.229754582450063E-003  8.945846334953265E-004
  1.749052478946613E-003 -1.398043897346989E-003  1.415967714359601E-003
 -7.297256568684190E-006 -1.305843348218121E-004 -7.680082033036619E-004
 -0.112986631582404      -0.266456232434158      -1.548974077805697E-002
  3.029248615535094E-003  1.246375216998734E-002 -3.256612100137074E-004
  0.122631191483880       0.270469532462395       2.210171824111089E-002
 -1.022111454268374E-002 -1.445810863007768E-002 -5.607523791635318E-003
 -1.927542868774858E-003 -3.985181136134127E-003 -2.457375438857615E-004
 -8.790918124894923E-004  1.724124801545152E-003  3.077426121740860E-004
  3.539407069362336E-004  2.421127664417499E-004 -7.407975296932699E-004
 -2.506710155971694E-002 -2.713942167616716E-002 -3.523171946947808E-002
  7.006306259364754E-003  5.357201582221520E-003  5.226524140048688E-003
  1.372320306988991E-002  2.210171824111090E-002  3.646223818658101E-002
  9.195141641149821E-003  1.708101498288048E-002  5.256248848037660E-003
 -3.201037136441386E-003 -1.881780598376639E-002 -1.540254923507217E-002
 -8.739347122518726E-004 -7.281129009969099E-004 -8.973717580238040E-004
 -7.825775619950232E-004  2.145405754715782E-003  4.586629287908718E-003
 -7.454712792872412E-002  5.598502676046085E-002 -4.790648214431330E-002
 -2.223057903330890E-002  3.234243799095755E-002 -2.326983649594030E-002
  7.245237716883076E-003 -1.022111454268374E-002  9.195141641149816E-003
  9.547955810759309E-002 -7.621416571326385E-002  6.068512839906803E-002
  1.480790086740667E-003 -1.971725505727834E-003  1.717792023967662E-003
 -7.331106292907479E-003  1.811460735502124E-004  3.263654948513611E-005
 -9.677265627630140E-005 -1.016050632929905E-004 -4.543799734172596E-004
  6.495406105734298E-002 -0.205981711197829       0.130748901145847     
  4.135389559114341E-003  6.879759919900752E-004  1.818125914135225E-004
  8.646342780633098E-003 -1.445810863007768E-002  1.708101498288048E-002
 -7.621416571326385E-002  0.214106387537583      -0.140580285248658     
 -4.102566420128507E-004  2.319676091579851E-003 -9.950866464548895E-003
 -5.803650030750359E-004  2.428389708877253E-003 -8.875659377747980E-005
 -5.310060387391516E-004  8.973904978759140E-004  2.608179586844546E-003
 -6.479622714369762E-002  0.144105791591651      -0.141482246205187     
  3.324465390248279E-003 -6.143096310730668E-003  5.493917769594028E-003
  1.334273529537532E-003 -5.607523791635321E-003  5.256248848037646E-003
  6.068512839906804E-002 -0.140580285248658       0.143610518545083     
 -1.959488212965472E-003  8.358870414784132E-003 -1.810410886777520E-002
  1.778789441694267E-003 -3.512918760601762E-004  2.051104921492135E-003
 -3.669414038859021E-004  2.175352206470610E-004  3.174564988757433E-003
 -2.168524503545877E-002 -1.271622237287006E-002 -4.152411197532654E-002
 -1.932357424481381E-002  9.558853567909538E-003  2.370985184329821E-002
  2.318675844965318E-003 -1.927542868774864E-003 -3.201037136441380E-003
  1.480790086740662E-003 -4.102566420128619E-004 -1.959488212965467E-003
  4.895399168947166E-002  1.233113180051128E-002  4.000477188616542E-002
  5.636409016196300E-004 -1.319672060152207E-003  8.755639326712770E-004
 -1.230827924252247E-002 -5.516291424605710E-003 -1.790555033740732E-002
 -1.661749282248597E-002 -2.533446230260485E-002  4.376098804996693E-002
  9.282820004066258E-003 -1.549524727813171E-004 -4.593568608797564E-003
  2.229754582450068E-003 -3.985181136134122E-003 -1.881780598376639E-002
 -1.971725505727833E-003  2.319676091579830E-003  8.358870414784135E-003
  1.233113180051128E-002  3.437783899612280E-002 -5.318798424975878E-002
  3.394116881136511E-005  8.222667460658423E-004 -7.243402009929188E-004
 -5.288429227628086E-003 -8.045185922254982E-003  2.520384057857241E-002
 -5.029270100781526E-002  4.339418455375536E-002  9.594624286706482E-002
  2.476161895301890E-002 -8.137747297483698E-003 -8.912156261208509E-003
  8.945846334953241E-004 -2.457375438857622E-004 -1.540254923507217E-002
  1.717792023967664E-003 -9.950866464548905E-003 -1.810410886777519E-002
  4.000477188616542E-002 -5.318798424975878E-002 -0.116031552752979     
 -3.137630152298607E-004  3.502634406598482E-003  2.246656159938179E-005
 -1.677230347360863E-002  2.462551659530753E-002  6.248165768838885E-002
 -2.152665175465247E-002  4.037954393093739E-002 -2.484875656429860E-002
 -8.718779145203344E-002  0.104211524255777      -6.363457131987474E-002
  1.749052478946604E-003 -8.790918124894918E-004 -8.739347122518697E-004
 -7.331106292907463E-003 -5.803650030750463E-004  1.778789441694268E-003
  5.636409016196327E-004  3.394116881136622E-005 -3.137630152298575E-004
  0.113858677082124      -0.143262890324997       8.753047563484040E-002
 -1.258209630972187E-004  9.733778503265545E-005  3.617605351220759E-004
 -3.269205163236773E-003 -3.632085024520282E-003 -6.485486879351623E-004
  0.148869110567500      -0.343670834686161       0.229102992070882     
 -1.398043897346971E-003  1.724124801545165E-003 -7.281129009969108E-004
  1.811460735501985E-004  2.428389708877275E-003 -3.512918760601812E-004
 -1.319672060152199E-003  8.222667460658392E-004  3.502634406598479E-003
 -0.143262890324997       0.342853851152708      -0.229682210253690     
  1.995548046849625E-004 -5.257126985069859E-004 -1.195462758802883E-003
  7.564309843737034E-003 -5.380600228368463E-003  2.393764465615889E-003
 -9.705667029176594E-002  0.235364697571864      -0.159495146006749     
  1.415967714359613E-003  3.077426121740817E-004 -8.973717580238042E-004
  3.263654948516800E-005 -8.875659377749580E-005  2.051104921492140E-003
  8.755639326712721E-004 -7.243402009929339E-004  2.246656159937972E-005
  8.753047563484037E-002 -0.229682210253690       0.155891101689727     
 -3.622833833287011E-004  2.034670927863597E-004  3.408012634077445E-005
 -2.088202499988913E-003  5.584192849235173E-003  1.833384995918007E-002
  3.239858367942362E-003 -1.129082107737862E-003 -2.324179326544477E-003
 -7.297256568678913E-006  3.539407069362353E-004 -7.825775619950221E-004
 -9.677265627629817E-005 -5.310060387391464E-004 -3.669414038859032E-004
 -1.230827924252247E-002 -5.288429227628079E-003 -1.677230347360863E-002
 -1.258209630972148E-004  1.995548046849795E-004 -3.622833833287100E-004
  1.138651425051039E-002  8.108290132469970E-004  2.274435190184674E-003
  7.171322805239703E-003 -4.816930762755941E-003 -2.557356690093883E-002
 -2.331008780797712E-003  9.847952783492338E-004  1.713740530832446E-003
 -1.305843348218064E-004  2.421127664417434E-004  2.145405754715776E-003
 -1.016050632929900E-004  8.973904978759126E-004  2.175352206470494E-004
 -5.516291424605709E-003 -8.045185922254977E-003  2.462551659530753E-002
  9.733778503265239E-005 -5.257126985069833E-004  2.034670927863511E-004
  8.108290132469964E-004  1.126353084085341E-002 -3.332098293353257E-003
  2.260550657430290E-002 -2.532401254718751E-002 -7.642668184447002E-002
 -6.113763785478898E-003  2.780350963625484E-003  4.665127542668032E-003
 -7.680082033036626E-004 -7.407975296932702E-004  4.586629287908715E-003
 -4.543799734172601E-004  2.608179586844561E-003  3.174564988757443E-003
 -1.790555033740732E-002  2.520384057857242E-002  6.248165768838887E-002
  3.617605351220747E-004 -1.195462758802888E-003  3.408012634077505E-005
  2.274435190184672E-003 -3.332098293353252E-003  1.484622210399550E-003
 Masses in au
   21874.6618111745        29156.9463602902        1837.15258665392     
   1837.15258665392        1837.15258665392        1837.15258665392     
   1837.15258665392     
