 Coordinates, Gradient and Hessian of a Structure written by dl-find
           7           1           1
  0.000000000000000E+000
 Energy
  -116.109201877485     
 Coordinates
  -8.03476193771514        1.06449077743468      -1.274242689205010E-003
  -5.36912994678945       0.886161618570540      -0.254514056221560     
  -8.97285815828827      -0.679856379261792      -0.580215816611552     
  -8.64931862314667        2.59554958788274       -1.23763641606082     
  -8.58460361074609        1.51326401034845        1.93761781737100     
  -4.79640954201605      -0.443774338970779       0.829468306883900     
  -9.19028065955845        3.23705831087992        6.01220506421801     
 Gradient
 -3.418399660594709E-004 -1.484425145570823E-003  9.874955423320475E-004
  1.463435611335763E-004 -7.768722706955361E-004  6.336989362363544E-004
  8.336189925423418E-004  2.177554601444679E-004  5.772450064410915E-004
 -4.259630377074767E-004  1.841398599077629E-003 -1.445221604080973E-003
  6.360481957059865E-004 -3.713876716500187E-004  3.154624770462225E-004
 -9.012830349530486E-004  7.949716635850940E-004 -5.204186288018660E-004
  5.307528933810408E-005 -2.214406348907845E-004 -5.482617291728887E-004
 Hessian
  0.474450786269832       1.753703678557311E-003  1.400041663317615E-002
 -0.241822575987294       2.975411534176226E-002  1.628573926220371E-003
 -8.958353525902198E-002 -9.105692045354995E-002 -3.076245514572492E-002
 -6.338624955807011E-002  5.406914726553598E-002 -4.545816802323700E-002
 -5.982851061985272E-002  1.105300947224478E-002  5.234176409413254E-002
 -1.987220965920287E-002 -5.649542935356423E-003  8.056226532027970E-003
  4.229481361022953E-005  7.648763080711350E-005  1.936419834039994E-004
  1.753703678557309E-003  0.591047817008475      -1.865732599788343E-002
 -7.087504350026156E-003 -7.924537730832917E-002  1.777837173114321E-002
 -8.574901415437244E-002 -0.244169228624278      -6.440277608752117E-002
  4.391337178712112E-002 -0.199119027410802       0.120647347023362     
  1.171184660542049E-002 -6.635754508886797E-002 -5.120632580616376E-002
  3.540668705484085E-002 -2.153350417283673E-003 -3.880795460923687E-003
  5.090937845811894E-005 -3.288158915537945E-006 -2.784954020121344E-004
  1.400041663317616E-002 -1.865732599788343E-002  0.582467007634522     
  3.406571548220357E-002  1.209453292303468E-002 -7.609986373502456E-002
 -3.039241850432963E-002 -6.282415562190026E-002 -7.558001293847906E-002
 -3.651810275235402E-002  0.119015536071718      -0.150433624908232     
  4.682199609917531E-002 -5.181041351935346E-002 -0.281655873297396     
 -2.811947986071541E-002  2.448845805723293E-003  1.864895744044567E-003
  1.418729028401272E-004 -2.670196613449099E-004 -5.625284994296304E-004
 -0.241822575987294      -7.087504350026162E-003  3.406571548220360E-002
  0.410934175636392      -0.131277980201549       5.931708216201228E-002
 -3.512568195325028E-002  5.967415811366915E-004  2.117216100877134E-003
 -2.254294732551978E-002  3.479307916853137E-003  7.647135875500235E-004
 -2.789103787066915E-002  3.828747445361200E-003  6.355007854154254E-003
 -8.359875779342438E-002  0.130503196434094      -0.102524901218270     
  4.682529376664968E-005 -4.250882586804581E-005 -9.483396852786932E-005
  2.975411534176226E-002 -7.924537730832926E-002  1.209453292303467E-002
 -0.131277980201549       0.356678009350088      -0.255439021891264     
 -2.773259281862649E-002  1.105329399719212E-002  5.201108553941955E-003
  3.172862491025277E-002  6.199808857564844E-004 -3.685592968166300E-003
  9.469516778776761E-003  3.144297664155988E-003 -5.641814358411774E-004
  8.809875567336053E-002 -0.292271844595649       0.242309508079947     
 -4.043968397842653E-005  2.164000678227152E-005  8.364673834924801E-005
  1.628573926220390E-003  1.777837173114321E-002 -7.609986373502460E-002
  5.931708216201227E-002 -0.255439021891264       0.259914124717267     
 -7.819304215290373E-003  2.042309322002202E-003  5.226842959154410E-003
 -2.397212380797611E-002  6.906050191079086E-004  5.032164300211071E-003
  3.603989167027698E-002 -8.600356510052645E-004  5.629207315375850E-003
 -6.512459097283230E-002  0.235747235853323      -0.199791945568124     
 -6.952876240946572E-005  4.053561669604668E-005  8.947001113883905E-005
 -8.958353525902195E-002 -8.574901415437243E-002 -3.039241850432964E-002
 -3.512568195325028E-002 -2.773259281862651E-002 -7.819304215290371E-003
  0.112916305563481       0.102591768804241       3.310290266331607E-002
  5.313032530727521E-003  7.008895393441588E-003  3.184327579670989E-003
  5.344022119435974E-003  5.359254278418024E-003  1.281224051906314E-003
  1.144411026225231E-003 -1.460982717606645E-003  6.691718328551082E-004
 -8.554027596976804E-006 -1.732878549460404E-005 -2.590340812849011E-005
 -9.105692045354996E-002 -0.244169228624278      -6.282415562190025E-002
  5.967415811367004E-004  1.105329399719211E-002  2.042309322002207E-003
  0.102591768804241       0.256174669784094       6.999218182130433E-002
 -9.342189742530373E-003 -1.910121348660252E-002 -8.753735910087150E-003
 -2.251030258276953E-003 -5.042101922862047E-003 -8.570226851425457E-004
 -5.465476334040236E-004  1.114260320772414E-003  4.690444657269973E-004
  8.177702384059143E-006 -2.968006831610422E-005 -6.862139190355931E-005
 -3.076245514572493E-002 -6.440277608752118E-002 -7.558001293847905E-002
  2.117216100877134E-003  5.201108553941972E-003  5.226842959154385E-003
  3.310290266331607E-002  6.999218182130433E-002  7.159952562457936E-002
  8.713321508242286E-003  1.774108211050798E-002  6.984186777705864E-003
 -1.223729870750303E-002 -2.807023460884147E-002 -7.926166374078367E-003
 -9.409585920397251E-004 -4.790660791652659E-004 -2.933266886659681E-004
  7.272172832069044E-006  1.770428977342423E-005 -1.104936021604530E-005
 -6.338624955807010E-002  4.391337178712112E-002 -3.651810275235402E-002
 -2.254294732551979E-002  3.172862491025279E-002 -2.397212380797611E-002
  5.313032530727537E-003 -9.342189742530366E-003  8.713321508242281E-003
  8.511224424904947E-002 -6.130620608229339E-002  4.772350242816917E-002
  3.375994664535543E-003 -5.738316151661507E-003  3.434727646399141E-003
 -7.867658825505617E-003  7.477463992620102E-004  6.466566272348212E-004
 -4.415735217005004E-006 -3.031120150589819E-006 -2.798164971536566E-005
  5.406914726553600E-002 -0.199119027410802       0.119015536071718     
  3.479307916853129E-003  6.199808857564479E-004  6.906050191079281E-004
  7.008895393441594E-003 -1.910121348660252E-002  1.774108211050797E-002
 -6.130620608229338E-002  0.209248254109400      -0.130612114542029     
 -2.885678970583265E-003  6.825680948172833E-003 -5.794469167629624E-003
 -3.591420362159187E-004  1.510384400788187E-003 -1.121945784925010E-003
 -6.323486738198310E-006  1.594055328639282E-005  8.130629324957645E-005
 -4.545816802323700E-002  0.120647347023362      -0.150433624908232     
  7.647135875500317E-004 -3.685592968166303E-003  5.032164300211038E-003
  3.184327579670982E-003 -8.753735910087164E-003  6.984186777705869E-003
  4.772350242816918E-002 -0.130612114542029       0.154406728387978     
 -7.755583108237563E-003  2.368265037360437E-002 -1.706185796113717E-002
  1.535855396282516E-003 -1.256470939214961E-003  1.067995393061211E-003
  5.352139801588022E-006 -2.208303746946831E-005  4.408010413454589E-006
 -5.982851061985269E-002  1.171184660542049E-002  4.682199609917529E-002
 -2.789103787066913E-002  9.469516778776756E-003  3.603989167027700E-002
  5.344022119435972E-003 -2.251030258276945E-003 -1.223729870750303E-002
  3.375994664535547E-003 -2.885678970583272E-003 -7.755583108237555E-003
  7.745859573683790E-002 -1.500331389949162E-002 -6.412891021642260E-002
  1.487139881984053E-003 -1.081414991381301E-003  1.161866676510970E-003
  5.379608772746818E-005  4.007473553449081E-005  9.803758620111556E-005
  1.105300947224478E-002 -6.635754508886796E-002 -5.181041351935348E-002
  3.828747445361207E-003  3.144297664155979E-003 -8.600356510052753E-004
  5.359254278418022E-003 -5.042101922862054E-003 -2.807023460884147E-002
 -5.738316151661499E-003  6.825680948172827E-003  2.368265037360438E-002
 -1.500331389949163E-002  6.167414645069675E-002  5.831491383394708E-002
  4.632126139981564E-004 -1.862955491515027E-004 -9.850951851651303E-004
  3.740624113177472E-005 -5.818250214274978E-005 -2.717852431871937E-004
  5.234176409413251E-002 -5.120632580616378E-002 -0.281655873297396     
  6.355007854154277E-003 -5.641814358411913E-004  5.629207315375784E-003
  1.281224051906324E-003 -8.570226851425418E-004 -7.926166374078381E-003
  3.434727646399155E-003 -5.794469167629633E-003 -1.706185796113720E-002
 -6.412891021642260E-002  5.831491383394710E-002  0.300877183050014     
  6.257567699619020E-004  3.850378642335027E-004  7.809718204780399E-004
  9.042979987261508E-005 -2.779526033969255E-004 -6.434645532622971E-004
 -1.987220965920287E-002  3.540668705484084E-002 -2.811947986071543E-002
 -8.359875779342434E-002  8.809875567336055E-002 -6.512459097283228E-002
  1.144411026225229E-003 -5.465476334040269E-004 -9.409585920397303E-004
 -7.867658825505617E-003 -3.591420362159178E-004  1.535855396282519E-003
  1.487139881984052E-003  4.632126139981605E-004  6.257567699618940E-004
  0.108715012804731      -0.123074292112394       9.200182811491697E-002
 -7.937434808211531E-006  1.132643981312970E-005  2.158914442668652E-005
 -5.649542935356418E-003 -2.153350417283672E-003  2.448845805723293E-003
  0.130503196434094      -0.292271844595649       0.235747235853323     
 -1.460982717606662E-003  1.114260320772412E-003 -4.790660791652662E-004
  7.477463992620020E-004  1.510384400788168E-003 -1.256470939214951E-003
 -1.081414991381324E-003 -1.862955491515291E-004  3.850378642335224E-004
 -0.123074292112394       0.292009647166292      -0.236801883090197     
  1.528992338418659E-005 -2.280132576372485E-005 -4.369941470474444E-005
  8.056226532027968E-003 -3.880795460923689E-003  1.864895744044580E-003
 -0.102524901218270       0.242309508079947      -0.199791945568125     
  6.691718328551066E-004  4.690444657270034E-004 -2.933266886659800E-004
  6.466566272348305E-004 -1.121945784925016E-003  1.067995393061221E-003
  1.161866676510952E-003 -9.850951851651320E-004  7.809718204780379E-004
  9.200182811491697E-002 -0.236801883090197       0.196361504512899     
 -1.084856527687717E-005  1.116697553306175E-005  9.904786309118088E-006
  4.229481361024519E-005  5.090937845810477E-005  1.418729028401551E-004
  4.682529376665019E-005 -4.043968397841963E-005 -6.952876240948228E-005
 -8.554027596972704E-006  8.177702384067119E-006  7.272172832073019E-006
 -4.415735217009556E-006 -6.323486738199441E-006  5.352139801589350E-006
  5.379608772746736E-005  3.740624113177792E-005  9.042979987263260E-005
 -7.937434808219000E-006  1.528992338418046E-005 -1.084856527687208E-005
 -1.220089974821584E-004 -6.502007464150565E-005 -1.645496876600985E-004
  7.648763080711581E-005 -3.288158915523010E-006 -2.670196613449065E-004
 -4.250882586804940E-005  2.164000678226860E-005  4.053561669604884E-005
 -1.732878549460350E-005 -2.968006831609996E-005  1.770428977342359E-005
 -3.031120150585687E-006  1.594055328639932E-005 -2.208303746945993E-005
  4.007473553448957E-005 -5.818250214274855E-005 -2.779526033969200E-004
  1.132643981313159E-005 -2.280132576372335E-005  1.116697553305856E-005
 -6.502007464150595E-005  7.637149506941108E-005  4.976484202087634E-004
  1.936419834039998E-004 -2.784954020121389E-004 -5.625284994295940E-004
 -9.483396852786791E-005  8.364673834923541E-005  8.947001113882585E-005
 -2.590340812848606E-005 -6.862139190355574E-005 -1.104936021605787E-005
 -2.798164971536103E-005  8.130629324958478E-005  4.408010413451292E-006
  9.803758620110520E-005 -2.717852431871948E-004 -6.434645532623085E-004
  2.158914442668860E-005 -4.369941470473614E-005  9.904786309115903E-006
 -1.645496876600958E-004  4.976484202087676E-004  1.113259605046585E-003
 Masses in au
   21874.6618111745        29156.9463602902        1837.15258665392     
   1837.15258665392        1837.15258665392        1837.15258665392     
   1837.15258665392     
