 Coordinates, Gradient and Hessian of a Structure written by dl-find
           7           1           1
  0.000000000000000E+000
 Energy
  -116.109417643931     
 Coordinates
  -8.03501383827938        1.05928042307805      -4.909075234667200E-002
  -5.36414371401512       0.882330953650939      -0.254925071770874     
  -8.96676964795110      -0.702754197243546      -0.591527342473992     
  -8.63024315528719        2.54049693688536       -1.34335849705957     
  -8.62858813267529        1.57972588607677        1.86086260050653     
  -4.79366868246330      -0.410158369298926       0.877763673277901     
  -9.25033617292481        3.33776373450504        6.73356702197181     
 Gradient
 -2.349556254736817E-004 -1.004690075632502E-004 -1.418428584628829E-004
  3.123162315899543E-004 -1.114932899225149E-004 -7.940550871644477E-005
  2.533557217517237E-005 -6.312675228984524E-005 -7.423600907454667E-005
  1.297865309670010E-005  4.312740969168601E-005  5.418953137716641E-005
 -1.397501072684006E-004  2.010330706230762E-004  3.053453878280224E-004
  3.467557207156785E-005  4.331297798161475E-005 -2.758362409784582E-005
 -1.060029619130743E-005 -1.238440852076164E-005 -3.646691885347538E-005
 Hessian
  0.473881032872506       1.161877051598418E-004  1.317199100865705E-002
 -0.241610652108646       2.887672170408776E-002 -1.972695550517052E-003
 -8.869708100887463E-002 -8.993765958200747E-002 -2.786126561955678E-002
 -6.197102898640327E-002  5.240169443753567E-002 -4.733528921036349E-002
 -6.243675510107920E-002  1.417163391507925E-002  5.606421757483640E-002
 -1.917627398018355E-002 -5.633665435565928E-003  7.919458467908456E-003
  1.075831268125205E-005  5.087255711566215E-006  1.358332903429536E-005
  1.161877051598448E-004  0.590476465821653      -2.208799984679084E-002
 -6.508736929892911E-003 -7.826781097428455E-002  1.780718858633776E-002
 -8.484214193406261E-002 -0.246146316182157      -6.013042548747698E-002
  4.241653880542003E-002 -0.193650862556843       0.126113699042267     
  1.462557885008114E-002 -7.035630652258730E-002 -5.825243378746490E-002
  3.418470529166898E-002 -2.062999998963417E-003 -3.400838467200762E-003
  7.868211624677514E-006  7.830413181910032E-006 -4.919003967022089E-005
  1.317199100865704E-002 -2.208799984679084E-002  0.584402320896136     
  3.119090286141564E-002  1.286012442580230E-002 -7.663754748964591E-002
 -2.771646695138291E-002 -5.847440861162349E-002 -7.280332385947233E-002
 -3.800927743947849E-002  0.124705711553089      -0.162306163138649     
  5.076689746190350E-002 -5.911898703926625E-002 -0.274065323741536     
 -2.943087176889550E-002  2.159439027313134E-003  1.507840066006360E-003
  2.682482777643732E-005 -4.387950852701927E-005 -9.780273283376758E-005
 -0.241610652108646      -6.508736929892908E-003  3.119090286141561E-002
  0.410269713795267      -0.126089907184715       6.750070851083134E-002
 -3.458767890586533E-002  5.262336785103049E-004  1.366965469268271E-003
 -2.252281519217707E-002  3.356071588682844E-003  2.811807546824830E-004
 -2.811582871340017E-002  3.878775275938051E-003  5.493531945187947E-003
 -8.344347678099383E-002  0.124842769140396      -0.105825352344138     
  1.073790581624725E-005 -5.205568918289273E-006 -7.937197248057842E-006
  2.887672170408776E-002 -7.826781097428452E-002  1.286012442580232E-002
 -0.126089907184715       0.337206537420557      -0.257247824481169     
 -2.797401548152751E-002  1.120330957277159E-002  4.550311334782446E-003
  3.103839798084912E-002  6.610812008784132E-004 -3.061360835494778E-003
  1.041885502867524E-002  3.074168265472409E-003 -1.768597413848011E-004
  8.374466326457637E-002 -0.273883144122597       0.243046613038842     
 -1.471531194823394E-005  5.858637199228152E-006  2.899625862324933E-005
 -1.972695550517050E-003  1.780718858633775E-002 -7.663754748964575E-002
  6.750070851083133E-002 -0.257247824481169       0.276032543060693     
 -7.443754287865206E-003  1.862106597389615E-003  4.828706544732652E-003
 -2.555575873599078E-002  7.783990386101807E-004  4.763248895563310E-003
  3.474450497642342E-002 -5.070910097045205E-004  6.511764712196526E-003
 -6.725174009573051E-002  0.237296140522511      -0.215529015451538     
 -2.126481714910007E-005  1.108074602782878E-005  3.029972799721394E-005
 -8.869708100887465E-002 -8.484214193406260E-002 -2.771646695138292E-002
 -3.458767890586530E-002 -2.797401548152751E-002 -7.443754287865192E-003
  0.111471925715965       0.101539900137866       3.024877332736056E-002
  5.112803967293300E-003  6.759428764770844E-003  2.905548657600663E-003
  5.533503123970104E-003  5.950286963246460E-003  1.302804931397176E-003
  1.169285498084200E-003 -1.428575200434070E-003  7.106605527850894E-004
 -2.758390572799986E-006 -4.883249859602327E-006 -7.566229895391916E-006
 -8.993765958200749E-002 -0.246146316182157      -5.847440861162351E-002
  5.262336785103393E-004  1.120330957277161E-002  1.862106597389624E-003
  0.101539900137866       0.258918409411970       6.522580286859146E-002
 -8.994659935771173E-003 -1.908024518367836E-002 -8.122401334697377E-003
 -2.566087811301445E-003 -5.995202435415846E-003 -9.086697145830603E-004
 -5.703431938596173E-004  1.110307684658215E-003  4.436068959994262E-004
  2.616706562830332E-006 -1.026286814826645E-005 -2.603670107652703E-005
 -2.786126561955677E-002 -6.013042548747701E-002 -7.280332385947234E-002
  1.366965469268266E-003  4.550311334782438E-003  4.828706544732665E-003
  3.024877332736057E-002  6.522580286859148E-002  6.845526491599377E-002
  8.986485970991335E-003  1.880859073476169E-002  6.922783785692430E-003
 -1.185633825722368E-002 -2.789310699095403E-002 -7.095840145500217E-003
 -8.865994801785497E-004 -5.643674353519194E-004 -2.974072065705798E-004
  1.978589338729159E-006  3.194975647246206E-006 -1.018403487558563E-005
 -6.197102898640327E-002  4.241653880542001E-002 -3.800927743947852E-002
 -2.252281519217710E-002  3.103839798084912E-002 -2.555575873599080E-002
  5.112803967293306E-003 -8.994659935771181E-003  8.986485970991328E-003
  8.377955408395449E-002 -5.914604770495350E-002  5.000563851619538E-002
  3.506709411178778E-003 -6.050900963474434E-003  4.100260778940098E-003
 -7.903484962374203E-003  7.364452819888468E-004  4.801475146516755E-004
 -1.738321472009370E-006  2.265359412073216E-007 -7.496605309270802E-006
  5.240169443753567E-002 -0.193650862556844       0.124705711553089     
  3.356071588682846E-003  6.610812008784296E-004  7.783990386101974E-004
  6.759428764770848E-003 -1.908024518367836E-002  1.880859073476168E-002
 -5.914604770495351E-002  0.203166104335265      -0.136444851488893     
 -3.031005947503427E-003  7.468530980342419E-003 -6.742693642577438E-003
 -3.385527724857111E-004  1.431864550917242E-003 -1.129845657955670E-003
 -1.588366046764108E-006  3.526673118992470E-006  2.468946296608333E-005
 -4.733528921036349E-002  0.126113699042267      -0.162306163138649     
  2.811807546824938E-004 -3.061360835494766E-003  4.763248895563314E-003
  2.905548657600664E-003 -8.122401334697379E-003  6.922783785692417E-003
  5.000563851619537E-002 -0.136444851488893       0.167526454261625     
 -7.282437271435221E-003  2.278175165026074E-002 -1.806435633202043E-002
  1.422331903979795E-003 -1.255999010463997E-003  1.171145071995175E-003
  3.026649340078655E-006 -1.083802297873578E-005 -1.311254420677182E-005
 -6.243675510107920E-002  1.462557885008114E-002  5.076689746190350E-002
 -2.811582871340021E-002  1.041885502867524E-002  3.474450497642345E-002
  5.533503123970097E-003 -2.566087811301442E-003 -1.185633825722369E-002
  3.506709411178774E-003 -3.031005947503425E-003 -7.282437271435233E-003
  8.005081962060948E-002 -1.845970934669916E-002 -6.760658259682809E-002
  1.461694894072405E-003 -9.980829336868381E-004  1.206918301753572E-003
 -1.432353524003755E-007  1.045216043358619E-005  2.703738540787746E-005
  1.417163391507925E-002 -7.035630652258727E-002 -5.911898703926623E-002
  3.878775275938048E-003  3.074168265472423E-003 -5.070910097045080E-004
  5.950286963246463E-003 -5.995202435415857E-003 -2.789310699095403E-002
 -6.050900963474434E-003  7.468530980342414E-003  2.278175165026072E-002
 -1.845970934669916E-002  6.607209387646171E-002  6.574704623487440E-002
  5.017763364920546E-004 -2.360497111602807E-004 -9.440697772275431E-004
  8.137819418828433E-006 -2.723445311227223E-005 -6.554306798411395E-005
  5.606421757483641E-002 -5.825243378746487E-002 -0.274065323741536     
  5.493531945187945E-003 -1.768597413847903E-004  6.511764712196523E-003
  1.302804931397167E-003 -9.086697145830725E-004 -7.095840145500226E-003
  4.100260778940100E-003 -6.742693642577454E-003 -1.806435633202043E-002
 -6.760658259682809E-002  6.574704623487442E-002  0.292081763307380     
  6.256477197446848E-004  4.017728693414075E-004  8.285505835500274E-004
  2.011964672634000E-005 -6.816221820174003E-005 -1.965583840762693E-004
 -1.917627398018355E-002  3.418470529166902E-002 -2.943087176889551E-002
 -8.344347678099383E-002  8.374466326457634E-002 -6.725174009573048E-002
  1.169285498084201E-003 -5.703431938596145E-004 -8.865994801785499E-004
 -7.903484962374202E-003 -3.385527724857195E-004  1.422331903979791E-003
  1.461694894072395E-003  5.017763364920483E-004  6.256477197446848E-004
  0.107894675100801      -0.117524627394541       9.551478265419218E-002
 -2.419769406487148E-006  2.378468147729320E-006  6.449066888281351E-006
 -5.633665435565927E-003 -2.062999998963424E-003  2.159439027313144E-003
  0.124842769140396      -0.273883144122597       0.237296140522511     
 -1.428575200434085E-003  1.110307684658211E-003 -5.643674353519373E-004
  7.364452819888575E-004  1.431864550917225E-003 -1.255999010464003E-003
 -9.980829336868370E-004 -2.360497111602821E-004  4.017728693414062E-004
 -0.117524627394541       0.273647137571543      -0.238022102400894     
  5.736541844890115E-006 -7.115974394903345E-006 -1.488357245654769E-005
  7.919458467908451E-003 -3.400838467200765E-003  1.507840066006377E-003
 -0.105825352344138       0.243046613038842      -0.215529015451538     
  7.106605527850897E-004  4.436068959994367E-004 -2.974072065705751E-004
  4.801475146516721E-004 -1.129845657955685E-003  1.171145071995157E-003
  1.206918301753586E-003 -9.440697772275547E-004  8.285505835500335E-004
  9.551478265419219E-002 -0.238022102400894       0.212311082264257     
 -6.615147154783911E-006  6.636368434335327E-006  7.804672301108088E-006
  1.075831268125260E-005  7.868211624675471E-006  2.682482777648579E-005
  1.073790581625338E-005 -1.471531194823526E-005 -2.126481714909108E-005
 -2.758390572797619E-006  2.616706562825571E-006  1.978589338724126E-006
 -1.738321472019797E-006 -1.588366046768168E-006  3.026649340070015E-006
 -1.432353524095322E-007  8.137819418826192E-006  2.011964672633246E-005
 -2.419769406482462E-006  5.736541844873722E-006 -6.615147154787698E-006
 -1.443650169379605E-005 -8.055601456196893E-006 -2.406974887773424E-005
  5.087255711566411E-006  7.830413181895320E-006 -4.387950852700710E-005
 -5.205568918290891E-006  5.858637199240972E-006  1.108074602781806E-005
 -4.883249859602531E-006 -1.026286814826518E-005  3.194975647247203E-006
  2.265359412100954E-007  3.526673118994712E-006 -1.083802297873106E-005
  1.045216043358489E-005 -2.723445311226935E-005 -6.816221820173652E-005
  2.378468147728985E-006 -7.115974394906907E-006  6.636368434336931E-006
 -8.055601456198111E-006  2.739757215530819E-005  1.019676595980747E-004
  1.358332903428962E-005 -4.919003967023846E-005 -9.780273283373403E-005
 -7.937197248048441E-006  2.899625862326666E-005  3.029972799720028E-005
 -7.566229895393690E-006 -2.603670107652719E-005 -1.018403487558440E-005
 -7.496605309272416E-006  2.468946296607679E-005 -1.311254420678884E-005
  2.703738540788441E-005 -6.554306798411880E-005 -1.965583840762638E-004
  6.449066888274877E-006 -1.488357245654143E-005  7.804672301113155E-006
 -2.406974887773741E-005  1.019676595980762E-004  2.795532956940640E-004
 Masses in au
   21874.6618111745        29156.9463602902        1837.15258665392     
   1837.15258665392        1837.15258665392        1837.15258665392     
   1837.15258665392     
