 Coordinates, Gradient and Hessian of a Structure written by dl-find
           7           1           1
  0.000000000000000E+000
 Energy
  -116.102826444633     
 Coordinates
  -7.99920314006053        1.10237204915874       6.158751477246580E-002
  -5.40282641881717       0.887478947027673      -0.244927283884906     
  -9.01021370805454      -0.664049004694194      -0.255190011449098     
  -8.67827660556563        2.55001019885480       -1.21823704905122     
  -8.51650995604382        1.76202914011427        2.06492624604702     
  -4.80119168431073      -0.497154581870953       0.730750497763452     
  -9.07588189858419        2.59945055063422        4.73855423740402     
 Gradient
  1.817617356067866E-002 -8.039399861037782E-003 -2.616430354275909E-002
 -1.331511080313938E-002 -3.870585263829981E-003  7.603378536144987E-003
  9.277056799025974E-004  1.639939932251685E-003  2.908580774229928E-003
  6.976461658839994E-004 -4.471736888243250E-004  3.284099056859943E-003
 -5.426644734834267E-003  7.114088787898393E-003  2.189234882874893E-002
 -2.076074475587758E-003  5.253820539598374E-003 -4.237204150509401E-003
  1.016304607097513E-003 -1.650690446056016E-003 -5.286899502715643E-003
 Hessian
  0.537902844485947       4.512380099637539E-003  4.237333412510608E-002
 -0.293456816184856       3.966756896650685E-002  1.470924689338626E-002
 -0.100065243542062      -0.102581822738674      -2.278349153164302E-002
 -6.961116119656480E-002  5.933978995672913E-002 -5.884493195584470E-002
 -5.318345439270838E-002  1.971239646640955E-003  8.047137461357342E-003
 -2.087308360363644E-002 -5.660703246035691E-003  7.906066916799022E-003
 -7.130855661192493E-004  2.751547315194867E-003  8.592638090838940E-003
  4.512380099637546E-003  0.601229967483651      -6.816539118471115E-002
 -2.706693376378217E-003 -8.205295462982251E-002  1.938623581571558E-002
 -9.544817394640168E-002 -0.254768787790389      -3.810447547701681E-002
  4.988484384415038E-002 -0.190778183511109       0.131360529814640     
  3.743732370689485E-003 -6.997290336904362E-002 -3.239073154664309E-002
  3.846459767736052E-002 -2.663893647925290E-003 -5.081572824711496E-003
  1.549313330940617E-003 -9.932445353627148E-004 -7.004594597272963E-003
  4.237333412510608E-002 -6.816539118471118E-002  0.465983354214240     
  3.626683663212218E-002  1.415789212605392E-002 -6.951749544944930E-002
 -1.937347079862391E-002 -3.428650452047404E-002 -5.506237282109255E-002
 -4.663853234545197E-002  0.126744362942033      -0.161334199990866     
  8.822003238009002E-003 -3.284649027893579E-002 -0.161401457401058     
 -2.638357476544598E-002  1.389655530280353E-003  1.788267269821176E-003
  4.933403914276963E-003 -6.993524614248229E-003 -2.045609582159346E-002
 -0.293456816184856      -2.706693376378220E-003  3.626683663212217E-002
  0.467754385870690      -0.160480228458782       4.441879512478102E-002
 -3.545315011332890E-002  1.753948601843810E-003  4.754578987211635E-003
 -2.369195181518791E-002  4.635085255558893E-003  2.541006442647538E-003
 -2.762772855798011E-002  7.645958775091217E-003  1.690117646928522E-002
 -8.880719371619286E-002  0.150551100008528      -0.100868168510900     
  1.282454516858362E-003 -1.399170805860070E-003 -4.014225145147908E-003
  3.966756896650686E-002 -8.205295462982255E-002  1.415789212605392E-002
 -0.160480228458782       0.401100587190698      -0.254209176541772     
 -2.893432847382102E-002  1.223236228448197E-002  5.653545605231795E-003
  3.199200099431888E-002 -2.303234323346474E-004 -5.356788095991734E-003
  1.349204399045056E-002  2.557574077291349E-003 -3.582026196537243E-003
  0.104725762877451      -0.334005714550997       0.242028827173394     
 -4.628198961276408E-004  3.984690606796286E-004  1.307725929622376E-003
  1.470924689338627E-002  1.938623581571560E-002 -6.951749544944935E-002
  4.441879512478104E-002 -0.254209176541772       0.224825648994043     
 -4.218118898479599E-003  1.031918263871669E-003  4.410361415107348E-003
 -2.453004644363934E-002  7.126576305672486E-004  6.812974451257814E-003
  3.609987923162818E-002 -2.373040387232838E-003  1.238632411171214E-003
 -6.567122049410359E-002  0.234840609566048      -0.169425433438954     
 -8.085354135705223E-004  6.107956528044713E-004  1.655311616823574E-003
 -0.100065243542062      -9.544817394640163E-002 -1.937347079862392E-002
 -3.545315011332892E-002 -2.893432847382098E-002 -4.218118898479598E-003
  0.123358278111579       0.114361941097276       1.982381704891812E-002
  6.109635374037132E-003  8.168705283973851E-003  2.564693434393542E-003
  4.394157515250817E-003  3.524226293670542E-003  5.660461047818594E-004
  1.668307021023696E-003 -1.532626502573840E-003  1.085380957884656E-003
 -1.198436649984119E-005 -1.397437521236726E-004 -4.483478488746635E-004
 -0.102581822738674      -0.254768787790389      -3.428650452047406E-002
  1.753948601843789E-003  1.223236228448198E-002  1.031918263871673E-003
  0.114361941097276       0.265592393424062       4.097032198149195E-002
 -9.345312124071033E-003 -1.680420839168259E-002 -6.517391570397710E-003
 -3.510635581520686E-003 -7.913179714806557E-003 -1.367809713887010E-003
 -7.660937179792946E-004  1.659415360166467E-003  4.330913314842619E-004
  8.797446312508415E-005  2.004828167989059E-006 -2.636257720890887E-004
 -2.278349153164303E-002 -3.810447547701680E-002 -5.506237282109256E-002
  4.754578987211637E-003  5.653545605231796E-003  4.410361415107338E-003
  1.982381704891812E-002  4.097032198149197E-002  5.252238023667175E-002
  1.011036440561503E-002  1.874623909788800E-002  5.311451555182134E-003
 -1.059603574747118E-002 -2.773772922648218E-002 -8.910648567046478E-003
 -1.010254524802910E-003 -3.724123048858065E-004 -1.270587455458846E-004
 -2.989786378281881E-004  8.445103237728864E-004  1.855886926723854E-003
 -6.961116119656481E-002  4.988484384415039E-002 -4.663853234545197E-002
 -2.369195181518794E-002  3.199200099431884E-002 -2.453004644363931E-002
  6.109635374037129E-003 -9.345312124071043E-003  1.011036440561502E-002
  9.191355371713929E-002 -6.892487229453299E-002  5.864267042627178E-002
  2.939001485097000E-003 -3.727320262340145E-003  2.754919636239557E-003
 -7.624741696607284E-003  1.805072866644081E-004 -4.024523351801485E-005
 -3.433586791328864E-005 -5.984744418940960E-005 -2.991304455171205E-004
  5.933978995672916E-002 -0.190778183511109       0.126744362942033     
  4.635085255558885E-003 -2.303234323345927E-004  7.126576305672669E-004
  8.168705283973841E-003 -1.680420839168262E-002  1.874623909788800E-002
 -6.892487229453298E-002  0.198726514724519      -0.137841175425509     
 -2.783266191735722E-003  6.840839849451718E-003 -8.796683641762351E-003
 -2.387315529332052E-004  1.932182229588755E-003 -7.104885152523580E-004
 -1.967104570604155E-004  3.131785315660802E-004  1.145087912035275E-003
 -5.884493195584466E-002  0.131360529814640      -0.161334199990866     
  2.541006442647536E-003 -5.356788095991735E-003  6.812974451257847E-003
  2.564693434393544E-003 -6.517391570397715E-003  5.311451555182142E-003
  5.864267042627177E-002 -0.137841175425509       0.167891802656074     
 -6.688515540649807E-003  1.946543973100345E-002 -2.091232310806830E-002
  1.928726837026376E-003 -1.241366523312982E-003  1.064136332801721E-003
 -1.436496438458884E-004  1.307520695674967E-004  1.166158103618641E-003
 -5.318345439270835E-002  3.743732370689480E-003  8.822003238009005E-003
 -2.762772855798009E-002  1.349204399045056E-002  3.609987923162815E-002
  4.394157515250815E-003 -3.510635581520694E-003 -1.059603574747118E-002
  2.939001485096984E-003 -2.783266191735721E-003 -6.688515540649816E-003
  7.164791152291540E-002 -8.895409663490943E-003 -2.613784728584203E-002
  9.756634537100845E-004 -1.164487219592445E-003  1.283861971682372E-003
  8.544489737138835E-004 -8.819777048005068E-004 -2.783345867356138E-003
  1.971239646640957E-003 -6.997290336904362E-002 -3.284649027893576E-002
  7.645958775091223E-003  2.557574077291362E-003 -2.373040387232828E-003
  3.524226293670547E-003 -7.913179714806569E-003 -2.773772922648218E-002
 -3.727320262340138E-003  6.840839849451727E-003  1.946543973100344E-002
 -8.895409663490943E-003  6.712520259041241E-002  4.106613078334279E-002
  2.356316258125241E-004  3.076877490300104E-005 -1.095792814835847E-003
 -7.543264153821553E-004  1.331697791792078E-003  3.521482193139799E-003
  8.047137461357341E-003 -3.239073154664308E-002 -0.161401457401058     
  1.690117646928522E-002 -3.582026196537260E-003  1.238632411171168E-003
  5.660461047818643E-004 -1.367809713887004E-003 -8.910648567046478E-003
  2.754919636239572E-003 -8.796683641762353E-003 -2.091232310806830E-002
 -2.613784728584203E-002  4.106613078334279E-002  0.178886016951330     
  1.596097367435599E-004  1.655155500592282E-003  1.822720351417878E-004
 -2.291042122556673E-003  3.415964814896515E-003  1.091750767852747E-002
 -2.087308360363644E-002  3.846459767736050E-002 -2.638357476544599E-002
 -8.880719371619286E-002  0.104725762877451      -6.567122049410361E-002
  1.668307021023691E-003 -7.660937179792893E-004 -1.010254524802911E-003
 -7.624741696607255E-003 -2.387315529332072E-004  1.928726837026377E-003
  9.756634537100772E-004  2.356316258125254E-004  1.596097367435651E-004
  0.114742114198391      -0.142519971418034       9.073791716648316E-002
 -8.106565668926580E-005  9.880450832097606E-005  2.387960440996637E-004
 -5.660703246035699E-003 -2.663893647925276E-003  1.389655530280352E-003
  0.150551100008528      -0.334005714550997       0.234840609566048     
 -1.532626502573858E-003  1.659415360166472E-003 -3.724123048857988E-004
  1.805072866643921E-004  1.932182229588759E-003 -1.241366523312985E-003
 -1.164487219592458E-003  3.076877490298897E-005  1.655155500592277E-003
 -0.142519971418034       0.333299450680037      -0.235664938314806     
  1.461810910466019E-004 -2.522088457700845E-004 -6.067034539159813E-004
  7.906066916799018E-003 -5.081572824711510E-003  1.788267269821165E-003
 -0.100868168510900       0.242028827173394      -0.169425433438954     
  1.085380957884649E-003  4.330913314842643E-004 -1.270587455458945E-004
 -4.024523351802040E-005 -7.104885152523441E-004  1.064136332801719E-003
  1.283861971682391E-003 -1.095792814835840E-003  1.822720351417768E-004
  9.073791716648319E-002 -0.235664938314806       0.166379442522103     
 -1.048132684332945E-004  9.087396472617280E-005  1.383740246330690E-004
 -7.130855661192497E-004  1.549313330940628E-003  4.933403914276973E-003
  1.282454516858363E-003 -4.628198961276365E-004 -8.085354135705096E-004
 -1.198436649984379E-005  8.797446312508320E-005 -2.989786378281900E-004
 -3.433586791329698E-005 -1.967104570604269E-004 -1.436496438458959E-004
  8.544489737138795E-004 -7.543264153821623E-004 -2.291042122556668E-003
 -8.106565668927503E-005  1.461810910465866E-004 -1.048132684333050E-004
 -1.296432033350636E-003 -3.696121165420830E-004 -1.286384828042377E-003
  2.751547315194868E-003 -9.932445353627150E-004 -6.993524614248235E-003
 -1.399170805860067E-003  3.984690606796181E-004  6.107956528044738E-004
 -1.397437521236723E-004  2.004828167987069E-006  8.445103237728865E-004
 -5.984744418940888E-005  3.131785315660815E-004  1.307520695674968E-004
 -8.819777048005076E-004  1.331697791792077E-003  3.415964814896514E-003
  9.880450832098010E-005 -2.522088457700938E-004  9.087396472616985E-005
 -3.696121165420835E-004 -7.998968310729340E-004  1.900627788480653E-003
  8.592638090838938E-003 -7.004594597272955E-003 -2.045609582159346E-002
 -4.014225145147921E-003  1.307725929622359E-003  1.655311616823565E-003
 -4.483478488746563E-004 -2.636257720890915E-004  1.855886926723858E-003
 -2.991304455171165E-004  1.145087912035278E-003  1.166158103618639E-003
 -2.783345867356137E-003  3.521482193139806E-003  1.091750767852747E-002
  2.387960440996703E-004 -6.067034539159798E-004  1.383740246330771E-004
 -1.286384828042379E-003  1.900627788480648E-003  4.722857471266704E-003
 Masses in au
   21874.6618111745        29156.9463602902        1837.15258665392     
   1837.15258665392        1837.15258665392        1837.15258665392     
   1837.15258665392     
