 Coordinates, Gradient and Hessian of a Structure written by dl-find
           7           1           1
  0.000000000000000E+000
 Energy
  -116.104345727883     
 Coordinates
  -8.03436622895180        1.09916593890143       2.953567186000090E-002
  -5.39231311349740       0.891096450779631      -0.227016832513488     
  -9.02466520374107      -0.680666694055105      -0.301339782189349     
  -8.68312054192221        2.53963408769080       -1.28377484844109     
  -8.54039269956260        1.75615303505409        2.01221496638573     
  -4.81822889299094      -0.438775445027795       0.861373695979943     
  -8.76384002738138        2.55470560269563        4.86971733052827     
 Gradient
  6.226290026843094E-003 -7.209235511114615E-003 -2.196033875300486E-002
 -3.438482267537618E-003  1.644007048175848E-003  2.723700471970934E-003
 -2.571317745611185E-004  2.303264466571441E-004  2.681440797982058E-003
 -1.806961895671725E-004  1.313541481985886E-003  1.334761407570490E-003
 -2.657574385570294E-003  5.964209894934695E-003  2.031259348510316E-002
 -1.032589345995547E-004 -4.407099111705802E-004  1.843686571112378E-004
  4.108535249930583E-004 -1.502139449469377E-003 -5.276526066732621E-003
 Hessian
  0.493460443267026       9.166778627983091E-003  4.118052754647403E-002
 -0.255640780048745       3.375762399692048E-002  5.608734237019681E-003
 -9.674565204930784E-002 -9.945326862286735E-002 -2.201411792967478E-002
 -6.692383783472325E-002  5.493172737875900E-002 -5.534617357000019E-002
 -5.440995937930210E-002  4.892213073240784E-003  1.661265746627109E-002
 -2.004888560809369E-002 -5.130383511951435E-003  7.717603278069218E-003
  3.086716531467230E-004  1.835309057915079E-003  6.240768971841090E-003
  9.166778627983090E-003  0.597109052584435      -5.922280286942941E-002
 -4.787205185045046E-003 -8.045178348018436E-002  1.910673895757877E-002
 -9.327271093177392E-002 -0.254379552827523      -3.889173909009891E-002
  4.584712596510424E-002 -0.186223211605773       0.128758803716310     
  6.587278759230444E-003 -7.300176087595991E-002 -4.040384455034648E-002
  3.590235506791394E-002 -2.569791240852159E-003 -3.859978326467072E-003
  5.563776965865884E-004 -4.829525541417812E-004 -5.487177837547717E-003
  4.118052754647402E-002 -5.922280286942942E-002  0.494285105586551     
  3.192739196794823E-002  1.429915565908378E-002 -7.317524271665587E-002
 -1.969639694103036E-002 -3.574673158247577E-002 -5.733708588810087E-002
 -4.402072300683912E-002  0.125094539733191      -0.164995724393765     
  1.715150869843086E-002 -4.115863120818293E-002 -0.184139884774260     
 -2.839064689551983E-002  1.873373264213257E-003  1.863929904231631E-003
  1.848338630533199E-003 -5.138902996392869E-003 -1.650109771800326E-002
 -0.255640780048745      -4.787205185045041E-003  3.192739196794823E-002
  0.422959923506155      -0.135420470363445       5.306303897678090E-002
 -3.388078476212578E-002  1.797770219621534E-003  3.630675368433500E-003
 -2.214002418551920E-002  3.896303046522593E-003  1.709433374594274E-003
 -2.852432319247563E-002  6.854940801488281E-003  1.396553852479012E-002
 -8.345308934792260E-002  0.128761821376535      -0.100907138436803     
  6.790780306338725E-004 -1.103159895679018E-003 -3.388939775742779E-003
  3.375762399692048E-002 -8.045178348018427E-002  1.429915565908377E-002
 -0.135420470363445       0.354361601401521      -0.252333974600322     
 -2.793341662632034E-002  1.197802600648659E-002  5.073204059333101E-003
  3.029329847848349E-002 -1.862329615214719E-005 -4.514728739935348E-003
  1.328560147980117E-002  2.709472339738409E-003 -2.837863362878686E-003
  8.627515958735582E-002 -0.288871112428761       0.239177784194621     
 -2.577965527972607E-004  2.924194573519437E-004  1.136422790096528E-003
  5.608734237019692E-003  1.910673895757876E-002 -7.317524271665594E-002
  5.306303897678091E-002 -0.252333974600322       0.257983315512421     
 -4.539648504304893E-003  1.089167439256293E-003  4.230443100430632E-003
 -2.530060816860896E-002  9.681607420643506E-004  6.042541987616992E-003
  3.532883403845840E-002 -2.109872007342362E-003  2.127404203869050E-003
 -6.370720687764979E-002  0.232819107032551      -0.198636400223157     
 -4.531437016944251E-004  4.606724362128071E-004  1.427938135476744E-003
 -9.674565204930784E-002 -9.327271093177392E-002 -1.969639694103036E-002
 -3.388078476212580E-002 -2.793341662632035E-002 -4.539648504304901E-003
  0.118737718347567       0.110861896022136       2.044265763106410E-002
  5.857229317135094E-003  7.810085506756933E-003  2.497174830161943E-003
  4.663824315593964E-003  4.093651082579683E-003  6.854775154537305E-004
  1.417276570240780E-003 -1.438572828697464E-003  9.801898024908732E-004
 -4.961173910267726E-005 -1.209322246812159E-004 -3.694543338353899E-004
 -9.945326862286735E-002 -0.254379552827523      -3.574673158247578E-002
  1.797770219621526E-003  1.197802600648658E-002  1.089167439256296E-003
  0.110861896022136       0.265560591401651       4.222086190016267E-002
 -8.953931050145560E-003 -1.663788912773794E-002 -6.472267429939539E-003
 -3.522796951577345E-003 -7.932865777924259E-003 -1.173521304085223E-003
 -7.632553941245046E-004  1.425155785411774E-003  3.448975578023871E-004
  3.358577695693789E-005 -1.346546036407956E-005 -2.624065807208332E-004
 -2.201411792967479E-002 -3.889173909009890E-002 -5.733708588810087E-002
  3.630675368433512E-003  5.073204059333117E-003  4.230443100430625E-003
  2.044265763106411E-002  4.222086190016267E-002  5.410733074679608E-002
  9.912809672741330E-003  1.898917604624571E-002  5.472016702602333E-003
 -1.095450590254145E-002 -2.758114532333431E-002 -7.689874882219359E-003
 -9.617360343757054E-004 -4.438888465625792E-004 -2.048873193224200E-004
 -5.578280564714703E-005  6.335312542546539E-004  1.422057539813468E-003
 -6.692383783472326E-002  4.584712596510426E-002 -4.402072300683912E-002
 -2.214002418551921E-002  3.029329847848352E-002 -2.530060816860896E-002
  5.857229317135101E-003 -8.953931050145544E-003  9.912809672741326E-003
  8.798207211686968E-002 -6.328539424060864E-002  5.626384255083172E-002
  3.004893143939460E-003 -4.267213613642006E-003  3.146024462170943E-003
 -7.727790443254167E-003  3.887102687265791E-004  2.253818325972229E-004
 -5.254211444757762E-005 -2.259580791830366E-005 -2.267273428930844E-004
  5.493172737875903E-002 -0.186223211605773       0.125094539733191     
  3.896303046522574E-003 -1.862329615217781E-005  9.681607420643540E-004
  7.810085506756923E-003 -1.663788912773794E-002  1.898917604624569E-002
 -6.328539424060864E-002  0.193730919561316      -0.136393985635118     
 -3.091629386008864E-003  7.301255275837938E-003 -8.647115805785373E-003
 -2.171545809010055E-004  1.643614782517326E-003 -9.164944787544005E-004
 -4.393772452014152E-005  2.039344099921378E-004  9.057193981567376E-004
 -5.534617357000019E-002  0.128758803716310      -0.164995724393765     
  1.709433374594281E-003 -4.514728739935356E-003  6.042541987616991E-003
  2.497174830161942E-003 -6.472267429939536E-003  5.472016702602321E-003
  5.626384255083174E-002 -0.136393985635118       0.171214265022241     
 -6.873152101959160E-003  1.981860264688787E-002 -1.960777077266424E-002
  1.755208216678403E-003 -1.213922470258940E-003  1.125419051461465E-003
 -6.333300307365874E-006  1.749791205422603E-005  7.492524025068874E-004
 -5.440995937930210E-002  6.587278759230442E-003  1.715150869843087E-002
 -2.852432319247566E-002  1.328560147980114E-002  3.532883403845841E-002
  4.663824315593971E-003 -3.522796951577339E-003 -1.095450590254146E-002
  3.004893143939456E-003 -3.091629386008859E-003 -6.873152101959158E-003
  7.352938798668071E-002 -1.171841603427399E-002 -3.417938541294795E-002
  1.110477533746330E-003 -1.049178161345663E-003  1.258242611004116E-003
  6.256995918167127E-004 -4.908597058244456E-004 -1.731541930445348E-003
  4.892213073240789E-003 -7.300176087595989E-002 -4.115863120818294E-002
  6.854940801488270E-003  2.709472339738401E-003 -2.109872007342359E-003
  4.093651082579683E-003 -7.932865777924264E-003 -2.758114532333431E-002
 -4.267213613642021E-003  7.301255275837923E-003  1.981860264688786E-002
 -1.171841603427399E-002  6.990423327220643E-002  4.982705922104998E-002
  3.115768165962099E-004 -2.484369683044638E-005 -1.034189075933309E-003
 -1.667521259881104E-004  1.044509462929961E-003  2.238175746855824E-003
  1.661265746627108E-002 -4.040384455034647E-002 -0.184139884774260     
  1.396553852479012E-002 -2.837863362878698E-003  2.127404203869064E-003
  6.854775154537287E-004 -1.173521304085223E-003 -7.689874882219361E-003
  3.146024462170937E-003 -8.647115805785366E-003 -1.960777077266423E-002
 -3.417938541294795E-002  4.982705922104996E-002  0.201793081109544     
  2.523588416829050E-004  1.307645025126657E-003  2.908199306811144E-004
 -4.826713974174741E-004  1.927640776911470E-003  7.226225185052774E-003
 -2.004888560809371E-002  3.590235506791394E-002 -2.839064689551981E-002
 -8.345308934792257E-002  8.627515958735581E-002 -6.370720687764980E-002
  1.417276570240785E-003 -7.632553941244903E-004 -9.617360343756949E-004
 -7.727790443254166E-003 -2.171545809010048E-004  1.755208216678406E-003
  1.110477533746313E-003  3.115768165962208E-004  2.523588416829003E-004
  0.108754410986707      -0.121596896103533       9.082795357536690E-002
 -5.239969142423508E-005  8.821460669324212E-005  2.240691738165045E-004
 -5.130383511951432E-003 -2.569791240852198E-003  1.873373264213252E-003
  0.128761821376535      -0.288871112428761       0.232819107032551     
 -1.438572828697447E-003  1.425155785411776E-003 -4.438888465625652E-004
  3.887102687265543E-004  1.643614782517324E-003 -1.213922470258940E-003
 -1.049178161345682E-003 -2.484369683043678E-005  1.307645025126647E-003
 -0.121596896103533       0.288597888465643      -0.233834006538810     
  6.449896026728594E-005 -2.009116671293269E-004 -5.083074662578912E-004
  7.717603278069207E-003 -3.859978326467074E-003  1.863929904231654E-003
 -0.100907138436803       0.239177784194621      -0.198636400223157     
  9.801898024908748E-004  3.448975578023882E-004 -2.048873193224204E-004
  2.253818325972465E-004 -9.164944787544195E-004  1.125419051461484E-003
  1.258242611004133E-003 -1.034189075933314E-003  2.908199306811151E-004
  9.082795357536687E-002 -0.233834006538810       0.195370841628239     
 -1.022326627258957E-004  1.219866675424416E-004  1.902770278651357E-004
  3.086716531467189E-004  5.563776965865889E-004  1.848338630533209E-003
  6.790780306338651E-004 -2.577965527972525E-004 -4.531437016944203E-004
 -4.961173910267801E-005  3.358577695693900E-005 -5.578280564714948E-005
 -5.254211444758847E-005 -4.393772452013624E-005 -6.333300307366553E-006
  6.256995918167067E-004 -1.667521259881098E-004 -4.826713974174771E-004
 -5.239969142423348E-005  6.449896026729839E-005 -1.022326627258888E-004
 -1.458895730622784E-003 -1.859760305053376E-004 -7.481747627409027E-004
  1.835309057915079E-003 -4.829525541417798E-004 -5.138902996392880E-003
 -1.103159895679014E-003  2.924194573519535E-004  4.606724362128055E-004
 -1.209322246812163E-004 -1.346546036407534E-005  6.335312542546503E-004
 -2.259580791830173E-005  2.039344099921330E-004  1.749791205423056E-005
 -4.908597058244441E-004  1.044509462929966E-003  1.927640776911472E-003
  8.821460669324392E-005 -2.009116671293246E-004  1.219866675424322E-004
 -1.859760305053355E-004 -8.435336486388797E-004  1.977573949417289E-003
  6.240768971841090E-003 -5.487177837547716E-003 -1.650109771800325E-002
 -3.388939775742783E-003  1.136422790096534E-003  1.427938135476738E-003
 -3.694543338353941E-004 -2.624065807208346E-004  1.422057539813462E-003
 -2.267273428930934E-004  9.057193981567343E-004  7.492524025068913E-004
 -1.731541930445343E-003  2.238175746855827E-003  7.226225185052768E-003
  2.240691738165016E-004 -5.083074662579026E-004  1.902770278651379E-004
 -7.481747627409023E-004  1.977573949417287E-003  5.485347427288286E-003
 Masses in au
   21874.6618111745        29156.9463602902        1837.15258665392     
   1837.15258665392        1837.15258665392        1837.15258665392     
   1837.15258665392     
