 Coordinates, Gradient and Hessian of a Structure written by dl-find
           7           1           1
  0.000000000000000E+000
 Energy
  -116.108275639555     
 Coordinates
  -8.07514917596768       0.959064627631440      -0.310619473943183     
  -5.39224243772018       0.928439906295258      -0.146200782021806     
  -8.81853835462936      -0.803246459701031       -1.11517267963203     
  -8.56442378662446        2.52170020370876       -1.57309918158584     
  -8.96683068612234        1.29522489126796        1.53232171477728     
  -4.88882624654969      -0.423105831533967        1.04783472662250     
  -8.10715434263156        4.21597168252154        9.03386496005704     
 Gradient
  1.407907626904510E-003 -5.109763684717891E-004  9.028518217721763E-004
 -7.104162896297823E-003  2.038116016555650E-002 -1.863079402333726E-002
 -8.969977609158490E-004 -2.799754523475331E-003 -1.296530026809886E-003
 -6.826928247291220E-004  3.331409509025410E-003 -2.510186494533361E-003
 -1.524242072716852E-003  4.995110384653382E-004  2.739869563467751E-003
  8.801133326423448E-003 -2.091278904497704E-002  1.876465971387799E-002
 -9.453986684422078E-007  1.143922387677944E-005  3.012944556260141E-005
 Hessian
  0.466616388604065      -1.464815770182930E-003 -3.842171402576740E-003
 -0.239740434514969       1.650667851083343E-002 -2.437520607061305E-002
 -7.121908561120445E-002 -6.538238248427142E-002 -2.842761430086944E-002
 -5.604939563974546E-002  4.205649081370568E-002 -3.337053600951230E-002
 -8.377163409916907E-002  1.451517968019034E-002  8.509567140735846E-002
 -1.583677527738540E-002 -6.233017903888204E-003  4.915974102718290E-003
  9.365384090598085E-007  1.867153613519546E-006  3.882273494180748E-006
 -1.464815770182930E-003  0.578964061517633      -1.918615302988217E-002
 -1.843779946598347E-002 -7.777229807928257E-002  1.510577653647140E-002
 -6.028848932166351E-002 -0.236505203787573      -8.174210704776984E-002
  3.162119882579145E-002 -0.201917378876844       0.119490771223678     
  1.532615053409840E-002 -6.152063101032133E-002 -3.516574238040623E-002
  3.324441169503905E-002 -1.248229341678479E-003  1.495874779715988E-003
 -6.564970992846966E-007 -3.204219329513350E-007  1.579918193383862E-006
 -3.842171402576751E-003 -1.918615302988218E-002  0.572571077587659     
  6.392178691791082E-003  1.659117478550760E-002 -7.391574213417028E-002
 -2.800916039506934E-002 -8.096731979811263E-002 -9.198805256677095E-002
 -2.500925200012279E-002  0.120180317520287      -0.149296596407216     
  7.977238274148780E-002 -3.633592942063491E-002 -0.255198716959789     
 -2.930322664239924E-002 -2.812785133885505E-004 -2.168611474815365E-003
 -7.509931128121255E-007 -8.115437779952095E-007 -3.358044895055383E-006
 -0.239740434514969      -1.843779946598347E-002  6.392178691791098E-003
  0.399806445800920      -6.490275296744061E-002  7.487144977691879E-002
 -3.098764993930138E-002 -2.214281557219199E-003 -4.262633482139938E-003
 -2.031883442370671E-002  2.423991241134872E-003 -3.239318604675594E-003
 -3.308969689751003E-002  1.843746741830409E-003 -1.397129497337219E-004
 -7.566908712133949E-002  8.128745630507159E-002 -7.362223728233053E-002
 -7.429040927292345E-007 -3.602973929763367E-007  2.738501697996337E-007
  1.650667851083343E-002 -7.777229807928256E-002  1.659117478550760E-002
 -6.490275296744066E-002  0.293384252938803      -0.206434196624103     
 -2.939781910490175E-002  9.193239904976929E-003  7.276418990395656E-004
  3.114976707100859E-002  2.465767503598796E-003  1.507333379813929E-003
  5.792552100581652E-003  3.451848854700611E-003  6.939360859212453E-004
  4.085281037602784E-002 -0.230723338803202       0.186910314813397     
 -1.235986110526999E-006  5.276804041280123E-007  3.795660424608601E-006
 -2.437520607061304E-002  1.510577653647140E-002 -7.391574213417020E-002
  7.487144977691877E-002 -0.206434196624103       0.241631739120820     
 -1.482058419393495E-002  1.529437948915363E-003  3.471035191667976E-003
 -2.659995139306319E-002 -6.815190091842807E-005  4.379166382380639E-004
  2.927317906367106E-002  1.209369595965076E-003  1.129486963151047E-002
 -3.834749762013071E-002  0.188657836237801      -0.182923905282133     
 -1.389562846268118E-006 -7.179412958252030E-008  4.086834066155348E-006
 -7.121908561120445E-002 -6.028848932166350E-002 -2.800916039506935E-002
 -3.098764993930138E-002 -2.939781910490176E-002 -1.482058419393494E-002
  9.138842413456769E-002  7.594430739930344E-002  3.485266291858950E-002
  3.571899973387437E-003  4.960536583704284E-003  3.242126786317072E-003
  6.229434750333980E-003  1.011826828709832E-002  4.121798339485794E-003
  1.017337751730180E-003 -1.336753596937556E-003  6.140170066212400E-004
 -3.610595134367476E-007 -5.024660323704199E-008 -8.604620093704499E-007
 -6.538238248427143E-002 -0.236505203787573      -8.096731979811261E-002
 -2.214281557219197E-003  9.193239904976926E-003  1.529437948915369E-003
  7.594430739930344E-002  0.249414240078346       9.069443915455845E-002
 -6.793651168556600E-003 -1.963686495106402E-002 -1.100462630227678E-002
 -1.061543534415776E-003 -3.441437596963960E-003 -7.889451619997272E-004
 -4.923627606300781E-004  9.765407878655866E-004  5.383719434061525E-004
 -8.589421039522680E-008 -5.144355874371924E-007 -1.357784490870519E-006
 -2.842761430086944E-002 -8.174210704776985E-002 -9.198805256677094E-002
 -4.262633482139926E-003  7.276418990395583E-004  3.471035191667954E-003
  3.485266291858950E-002  9.069443915455846E-002  9.023876563670513E-002
  6.689736550855386E-003  1.766929736509048E-002  9.036543432250788E-003
 -8.247090480318766E-003 -2.660231898707089E-002 -1.038911654484224E-002
 -6.049426747531453E-004 -7.474003476183979E-004 -3.697534215928955E-004
 -1.185313636755326E-007  4.479637705932629E-007  5.782725822233867E-007
 -5.604939563974546E-002  3.162119882579144E-002 -2.500925200012281E-002
 -2.031883442370678E-002  3.114976707100859E-002 -2.659995139306321E-002
  3.571899973387443E-003 -6.793651168556603E-003  6.689736550855384E-003
  7.648031876285137E-002 -4.690026957545203E-002  3.876370813955127E-002
  4.106694756535993E-003 -9.810383651626968E-003  6.764436321610775E-003
 -7.790640267778933E-003  7.335449843821106E-004 -6.082946203725780E-004
 -4.316154354856731E-008 -2.064855465133144E-007 -3.829984589059591E-007
  4.205649081370567E-002 -0.201917378876844       0.120180317520287     
  2.423991241134868E-003  2.465767503598807E-003 -6.815190091840523E-005
  4.960536583704288E-003 -1.963686495106403E-002  1.766929736509049E-002
 -4.690026957545201E-002  0.212048089403251      -0.131710690370538     
 -1.809449890679988E-003  5.463168917032484E-003 -4.784723978849343E-003
 -7.314392345681347E-004  1.576525736127647E-003 -1.287422852190332E-003
  1.400621552755507E-007  6.922678981641249E-007  1.374217118246189E-006
 -3.337053600951230E-002  0.119490771223678      -0.149296596407216     
 -3.239318604675594E-003  1.507333379813931E-003  4.379166382380689E-004
  3.242126786317070E-003 -1.100462630227680E-002  9.036543432250788E-003
  3.876370813955128E-002 -0.131710690370538       0.155163865191867     
 -5.486421559709667E-003  2.277471573892697E-002 -1.657471987153463E-002
  9.059436927519283E-005 -1.057421012608864E-003  1.233121846118020E-003
 -1.531212461329314E-007 -8.265699518083627E-008 -1.308297230802991E-007
 -8.377163409916907E-002  1.532615053409841E-002  7.977238274148778E-002
 -3.308969689751004E-002  5.792552100581647E-003  2.927317906367108E-002
  6.229434750333978E-003 -1.061543534415772E-003 -8.247090480318766E-003
  4.106694756535988E-003 -1.809449890679976E-003 -5.486421559709663E-003
  0.105303270074018      -1.730646019636430E-002 -9.653341264460075E-002
  1.224128858004302E-003 -9.399489128979791E-004  1.225238928847927E-003
 -2.197442213865269E-006 -1.300100322565620E-006 -3.876049376917018E-006
  1.451517968019036E-002 -6.152063101032124E-002 -3.633592942063493E-002
  1.843746741830410E-003  3.451848854700609E-003  1.209369595965071E-003
  1.011826828709832E-002 -3.441437596963953E-003 -2.660231898707089E-002
 -9.810383651626967E-003  5.463168917032470E-003  2.277471573892695E-002
 -1.730646019636431E-002  5.619606516944636E-002  3.983560475199352E-002
  6.386300456407088E-004 -1.491217003078720E-004 -8.863898629726253E-004
  1.019093231818881E-006  1.073664138734928E-007  4.948183792610709E-006
  8.509567140735849E-002 -3.516574238040626E-002 -0.255198716959789     
 -1.397129497337332E-004  6.939360859212289E-004  1.129486963151049E-002
  4.121798339485796E-003 -7.889451619997297E-004 -1.038911654484225E-002
  6.764436321610762E-003 -4.784723978849327E-003 -1.657471987153463E-002
 -9.653341264460075E-002  3.983560475199352E-002  0.269618494486465     
  6.887591694236963E-004  2.025277358782409E-004  1.232843170603739E-003
  2.460356457939926E-006  7.342947463764875E-006  1.634608758511948E-005
 -1.583677527738540E-002  3.324441169503901E-002 -2.930322664239923E-002
 -7.566908712133949E-002  4.085281037602783E-002 -3.834749762013070E-002
  1.017337751730180E-003 -4.923627606300859E-004 -6.049426747531453E-004
 -7.790640267778949E-003 -7.314392345681264E-004  9.059436927518645E-005
  1.224128858004289E-003  6.386300456407077E-004  6.887591694237044E-004
  9.705536736278397E-002 -7.351194184928321E-002  6.747619347559894E-002
 -3.313060151559451E-007 -1.082722266418607E-007  1.199229853466808E-007
 -6.233017903888204E-003 -1.248229341678498E-003 -2.812785133885656E-004
  8.128745630507157E-002 -0.230723338803202       0.188657836237801     
 -1.336753596937544E-003  9.765407878655874E-004 -7.474003476184203E-004
  7.335449843821017E-004  1.576525736127642E-003 -1.057421012608861E-003
 -9.399489128979922E-004 -1.491217003078746E-004  2.025277358782488E-004
 -7.351194184928322E-002  0.229568463078616      -0.186772426328412     
  6.609735546717153E-007 -8.397574190556914E-007 -1.837771651797648E-006
  4.915974102718287E-003  1.495874779715986E-003 -2.168611474815383E-003
 -7.362223728233053E-002  0.186910314813397      -0.182923905282133     
  6.140170066212389E-004  5.383719434061521E-004 -3.697534215928849E-004
 -6.082946203725709E-004 -1.287422852190303E-003  1.233121846118038E-003
  1.225238928847929E-003 -8.863898629726269E-004  1.232843170603754E-003
  6.747619347559894E-002 -0.186772426328412       0.182994535773782     
 -8.916110848914691E-007  1.677507054553411E-006  1.769388037640984E-006
  9.365384090634963E-007 -6.564970992848002E-007 -7.509931128176212E-007
 -7.429040927332104E-007 -1.235986110501270E-006 -1.389562846246899E-006
 -3.610595134378820E-007 -8.589421039354269E-008 -1.185313636798124E-007
 -4.316154355787571E-008  1.400621552789167E-007 -1.531212461395599E-007
 -2.197442213865682E-006  1.019093231819773E-006  2.460356457928113E-006
 -3.313060151541494E-007  6.609735546642914E-007 -8.916110848877743E-007
  2.739334969685322E-006  1.582484784166416E-007  8.434631958435340E-007
  1.867153613519178E-006 -3.204219329509644E-007 -8.115437780004235E-007
 -3.602973929792966E-007  5.276804041292348E-007 -7.179412957856185E-008
 -5.024660323678992E-008 -5.144355874391819E-007  4.479637705924914E-007
 -2.064855465139159E-007  6.922678981715430E-007 -8.265699518278879E-008
 -1.300100322566867E-006  1.073664138766059E-007  7.342947463766410E-006
 -1.082722266394730E-007 -8.397574190546930E-007  1.677507054553000E-006
  1.582484784171442E-007  3.473002232675520E-007 -8.502423386150177E-006
  3.882273494183261E-006  1.579918193363639E-006 -3.358044895098048E-006
  2.738501698026384E-007  3.795660424605664E-006  4.086834066172062E-006
 -8.604620093683963E-007 -1.357784490867592E-006  5.782725822273756E-007
 -3.829984589093575E-007  1.374217118244641E-006 -1.308297230723086E-007
 -3.876049376907729E-006  4.948183792609001E-006  1.634608758511104E-005
  1.199229853509073E-007 -1.837771651802342E-006  1.769388037634117E-006
  8.434631958486029E-007 -8.502423386152761E-006 -1.929170765297433E-005
 Masses in au
   21874.6618111745        29156.9463602902        1837.15258665392     
   1837.15258665392        1837.15258665392        1837.15258665392     
   1837.15258665392     
