 Coordinates, Gradient and Hessian of a Structure written by dl-find
           7           1           1
  0.000000000000000E+000
 Energy
  -116.105339178267     
 Coordinates
  -7.98874539270467        1.07480830707212      -3.169884197172110E-002
  -5.40634697959129       0.896609728320423      -0.224939833937624     
  -9.04841396563940      -0.681367026756602      -8.289097036821660E-002
  -8.71348882735015        2.63519435252919       -1.13269554806476     
  -8.67541726015107        2.05240699587393        2.96989650307215     
  -4.83315338726135      -0.524537666088549       0.747382926992338     
  -8.88024416629096        2.45187555938271        4.35264200606126     
 Gradient
 -6.638121146749567E-003  7.081320863141821E-003  2.305255081143674E-002
  2.301955490127338E-003 -1.181412642671894E-003 -3.255406309478984E-003
  1.654957561807097E-004  3.993517620846595E-004 -2.456446853985448E-003
  4.052237224544790E-004 -1.167557210961097E-003 -1.023232782735895E-003
  2.165980205424505E-003 -3.589202337091500E-003 -1.094694599994924E-002
  4.339468153880523E-004  4.319163982868337E-004  9.407851372706328E-004
  1.165519157174181E-003 -1.974416832788974E-003 -6.311304002557295E-003
 Hessian
  0.540940721237247       1.078334250971994E-002  4.976572261247587E-002
 -0.327439664091222       4.036928582616077E-002  1.776426680985816E-002
 -0.114816850744672      -0.119810716473047      -1.308488964051003E-002
 -7.886756454202581E-002  7.285162646896333E-002 -6.098278664105831E-002
 -1.594537012420810E-003 -6.580243072873688E-004 -2.180152104247757E-003
 -2.070434249160117E-002 -4.250457467056531E-003  6.236076095547559E-003
  2.482237644693906E-003  7.149434425464153E-004  2.481762867934932E-003
  1.078334250971993E-002  0.585787621706272      -0.162848895101189     
 -4.683441788327274E-003 -8.616300858502132E-002  3.153077187271093E-002
 -0.108349674505360      -0.272391182284482      -1.142268444746133E-002
  6.139359368145254E-002 -0.222956016844488       0.150285394253382     
 -1.985276788858227E-003 -7.564492774957269E-004  9.889339646615708E-003
  4.050470367506245E-002 -3.611236751878931E-003 -4.609914241002626E-003
  2.336753216311793E-003  9.027203709493932E-005 -1.282401198305772E-002
  4.976572261247591E-002 -0.162848895101189       0.184198292458164     
  2.215340005415044E-002  2.567465654194656E-002 -3.587834768638370E-002
 -2.807421753498294E-003  1.145739516053343E-002 -2.354628146832192E-002
 -4.627144389624904E-002  0.126811844862769      -0.118511190491530     
 -7.048004289118020E-003  9.958335110373907E-003  2.916237649395750E-002
 -2.416155286843812E-002  1.677065474786840E-003  1.763908444650607E-003
  8.369300140679615E-003 -1.273040204921931E-002 -3.718875775054171E-002
 -0.327439664091222      -4.683441788327274E-003  2.215340005415044E-002
  0.458641479857212      -0.133564913990518       5.997992120043278E-002
 -2.892809539780332E-002  3.834978118302882E-003  2.288984422777981E-003
 -1.961235839330874E-002  1.105802043919811E-003  2.541934627755588E-004
 -3.588818900067427E-003 -4.422048756441254E-004 -2.060503953586014E-003
 -8.078829996938953E-002  0.132547378618206      -8.792448783289457E-002
  1.715756894578652E-003  1.202401874061519E-003  5.308492646343629E-003
  4.036928582616081E-002 -8.616300858502135E-002  2.567465654194654E-002
 -0.133564913990518       0.400537699497518      -0.247249369559697     
 -2.798368558286987E-002  1.222497238717520E-002  5.608210003771778E-003
  3.143550489922261E-002  1.857133731546340E-003 -5.836117982048671E-003
  1.950639047978216E-003 -1.155278754715497E-005 -9.262674397777799E-004
  8.840481423551112E-002 -0.328355971127856       0.223076573568647     
 -6.116444354863177E-004 -8.927311581842490E-005 -3.476851328397255E-004
  1.776426680985817E-002  3.153077187271090E-002 -3.587834768638366E-002
  5.997992120043277E-002 -0.247249369559697       0.187446953719147     
 -2.452018259898640E-003 -2.284743842470618E-003  4.867615383346891E-003
 -2.186673518704629E-002  3.375720319686785E-004  3.606855014091487E-003
  5.467813194652538E-003 -1.493647461222385E-003 -3.788708280951902E-003
 -5.695420587531170E-002  0.218412097583181      -0.158074315646801     
 -1.939041882686205E-003  7.473193755316340E-004  1.819947497549482E-003
 -0.114816850744672      -0.108349674505360      -2.807421753498287E-003
 -2.892809539780333E-002 -2.798368558286988E-002 -2.452018259898645E-003
  0.133397462721543       0.128391105240512       4.227613505857138E-003
  8.204069800451075E-003  8.780535122767117E-003 -2.777290678914589E-004
  4.499551139107109E-004  3.656905194852072E-004 -1.816144212117145E-004
  1.736715092611048E-003 -1.297396165545048E-003  1.609606148583751E-003
 -4.325658604122443E-005  9.342537101041694E-005 -1.184361519407561E-004
 -0.119810716473047      -0.272391182284482       1.145739516053342E-002
  3.834978118302896E-003  1.222497238717521E-002 -2.284743842470611E-003
  0.128391105240512       0.271130811549184      -4.087579797887357E-003
 -1.089578152887472E-002 -1.185479830510206E-002 -5.070660678595995E-003
 -6.591276407757166E-004 -1.334283200868105E-003  4.589687132021393E-006
 -1.092574171543161E-003  1.640450379989774E-003  1.854180698857307E-004
  2.321164554251545E-004  5.840294741027846E-004 -2.044185985972168E-004
 -1.308488964051003E-002 -1.142268444746130E-002 -2.354628146832192E-002
  2.288984422777979E-003  5.608210003771782E-003  4.867615383346882E-003
  4.227613505857136E-003 -4.087579797887350E-003  1.883948381425036E-002
  7.975882678282725E-003  1.522585059789945E-002  4.515994877921242E-003
 -8.140696621919121E-004 -4.576673895327805E-003 -3.987908273102118E-003
 -6.706518051422496E-004 -1.628884323488656E-003 -1.133713333840672E-003
  7.713050092617103E-005  8.817618624937281E-004  4.448089997465982E-004
 -7.886756454202579E-002  6.139359368145254E-002 -4.627144389624904E-002
 -1.961235839330873E-002  3.143550489922264E-002 -2.186673518704630E-002
  8.204069800451087E-003 -1.089578152887472E-002  7.975882678282729E-003
  9.726914092815139E-002 -8.178694365667270E-002  6.003145974869978E-002
  2.402885662469909E-004 -5.442350295939262E-004  1.421963339853986E-004
 -7.156607530949601E-003  3.925264037189502E-004  1.541223934173078E-004
 -7.696882856533371E-005  5.335230747238896E-006 -1.654820710899338E-004
  7.285162646896334E-002 -0.222956016844488       0.126811844862769     
  1.105802043919800E-003  1.857133731546312E-003  3.375720319686761E-004
  8.780535122767124E-003 -1.185479830510207E-002  1.522585059789945E-002
 -8.178694365667272E-002  0.229930076141940      -0.140672620277537     
 -3.311169641610026E-005  2.617674818433741E-004 -2.206068626759091E-003
 -8.582830892673130E-004  2.557660451495149E-003  1.480475098035584E-004
 -5.962519329424180E-005  2.041773427653279E-004  3.553739018552609E-004
 -6.098278664105830E-002  0.150285394253382      -0.118511190491530     
  2.541934627755556E-004 -5.836117982048665E-003  3.606855014091486E-003
 -2.777290678914573E-004 -5.070660678595987E-003  4.515994877921222E-003
  6.003145974869979E-002 -0.140672620277537       0.111419114046873     
 -5.532497724036195E-004  2.007081147509136E-003 -4.708483154948086E-003
  1.426899114210092E-003 -1.961655914319542E-005  2.578946121683023E-003
  1.012131556676556E-004 -6.934599035663412E-004  1.098763585910345E-003
 -1.594537012420825E-003 -1.985276788858239E-003 -7.048004289118014E-003
 -3.588818900067430E-003  1.950639047978195E-003  5.467813194652533E-003
  4.499551139107186E-004 -6.591276407757242E-004 -8.140696621919157E-004
  2.402885662469871E-004 -3.311169641610465E-005 -5.532497724036244E-004
  1.774513935263332E-002 -9.052585900624912E-003 -2.999646285585114E-002
 -1.967677277736948E-004  5.950756599879664E-005  1.513413067937422E-004
 -1.305525939253144E-002  9.719955412696076E-003  3.279263207812354E-002
 -6.580243072873673E-004 -7.564492774957477E-004  9.958335110373921E-003
 -4.422048756441185E-004 -1.155278754714267E-005 -1.493647461222384E-003
  3.656905194852111E-004 -1.334283200868099E-003 -4.576673895327799E-003
 -5.442350295939168E-004  2.617674818433703E-004  2.007081147509123E-003
 -9.052585900624913E-003  2.893354221761947E-002  5.952993040503827E-002
  4.093842061050160E-004 -1.399809317785984E-004  8.090893023147531E-005
  9.921975387564874E-003 -2.695304350176942E-002 -6.550593423661277E-002
 -2.180152104247760E-003  9.889339646615715E-003  2.916237649395750E-002
 -2.060503953586019E-003 -9.262674397777775E-004 -3.788708280951913E-003
 -1.816144212117129E-004  4.589687132017570E-006 -3.987908273102113E-003
  1.421963339853991E-004 -2.206068626759093E-003 -4.708483154948084E-003
 -2.999646285585115E-002  5.952993040503826E-002  0.220203781312687     
  3.407460043873881E-004  8.588424758319634E-005  8.911487170143554E-004
  3.393579099654154E-002 -6.637740791981842E-002 -0.237772206814694     
 -2.070434249160118E-002  4.050470367506241E-002 -2.416155286843811E-002
 -8.078829996938955E-002  8.840481423551112E-002 -5.695420587531170E-002
  1.736715092611047E-003 -1.092574171543167E-003 -6.706518051422502E-004
 -7.156607530949609E-003 -8.582830892673159E-004  1.426899114210097E-003
 -1.967677277736963E-004  4.093842061050182E-004  3.407460043873830E-004
  0.107132979577314      -0.127292058578606       8.010826482867790E-002
 -2.367695021155857E-005 -7.598627726359383E-005 -8.949939838270328E-005
 -4.250457467056532E-003 -3.611236751878945E-003  1.677065474786840E-003
  0.132547378618206      -0.328355971127856       0.218412097583181     
 -1.297396165545031E-003  1.640450379989787E-003 -1.628884323488652E-003
  3.925264037189417E-004  2.557660451495166E-003 -1.961655914319498E-005
  5.950756599880288E-005 -1.399809317786015E-004  8.588424758322263E-005
 -0.127292058578606       0.327865587308565      -0.218971250300796     
 -1.595003767154394E-004  4.349067146701569E-005  4.447038778748824E-004
  6.236076095547560E-003 -4.609914241002626E-003  1.763908444650605E-003
 -8.792448783289455E-002  0.223076573568647      -0.158074315646801     
  1.609606148583752E-003  1.854180698857283E-004 -1.133713333840687E-003
  1.541223934173066E-004  1.480475098035534E-004  2.578946121683035E-003
  1.513413067937299E-004  8.090893023148293E-005  8.911487170143619E-004
  8.010826482867793E-002 -0.218971250300796       0.154512628534122     
 -3.349229401265254E-004  9.021646322865855E-005 -5.386028368276808E-004
  2.482237644693908E-003  2.336753216311782E-003  8.369300140679615E-003
  1.715756894578656E-003 -6.116444354863091E-004 -1.939041882686189E-003
 -4.325658604121831E-005  2.321164554251471E-004  7.713050092616950E-005
 -7.696882856533695E-005 -5.962519329424953E-005  1.012131556676552E-004
 -1.305525939253143E-002  9.921975387564876E-003  3.393579099654154E-002
 -2.367695021155508E-005 -1.595003767153888E-004 -3.349229401265079E-004
  9.001167218079800E-003 -1.166007505380360E-002 -4.020946997100830E-002
  7.149434425464124E-004  9.027203709492973E-005 -1.273040204921931E-002
  1.202401874061520E-003 -8.927311581841974E-005  7.473193755316340E-004
  9.342537101042095E-005  5.840294741027847E-004  8.817618624937323E-004
  5.335230747245660E-006  2.041773427653172E-004 -6.934599035663396E-004
  9.719955412696078E-003 -2.695304350176942E-002 -6.637740791981840E-002
 -7.598627726359732E-005  4.349067146701569E-005  9.021646322865855E-005
 -1.166007505380360E-002  2.612034709215339E-002  7.808197217136176E-002
  2.481762867934927E-003 -1.282401198305770E-002 -3.718875775054173E-002
  5.308492646343639E-003 -3.476851328397204E-004  1.819947497549473E-003
 -1.184361519407577E-004 -2.044185985972164E-004  4.448089997466018E-004
 -1.654820710899269E-004  3.553739018552691E-004  1.098763585910337E-003
  3.279263207812354E-002 -6.550593423661277E-002 -0.237772206814694     
 -8.949939838269279E-005  4.447038778748824E-004 -5.386028368277193E-004
 -4.020946997100830E-002  7.808197217136177E-002  0.272136047318899     
 Masses in au
   21874.6618111745        29156.9463602902        1837.15258665392     
   1837.15258665392        1837.15258665392        1837.15258665392     
   1837.15258665392     
