 Coordinates, Gradient and Hessian of a Structure written by dl-find
           7           1           1
  0.000000000000000E+000
 Energy
  -116.109296485116     
 Coordinates
  -8.06471939656644        1.06462343624646      -0.145147070434232     
  -5.39256614789764       0.889987181228151      -0.186926470319783     
  -8.93807925082769      -0.743204552366650      -0.591676441907743     
  -8.64170585928271        2.43013576590036       -1.57947719804785     
  -8.75510627766064        1.69756772903194        1.69430946231872     
  -4.86520693092781      -0.207912262863398        1.16065046357074     
  -8.26472372026104        2.98335834890500        6.91803798146503     
 Gradient
  1.607676635967117E-003 -1.474365482708766E-004 -1.107849726063561E-003
 -3.245314737931277E-003 -6.564511356779405E-004 -3.584959641137910E-004
  2.101971857281832E-003  2.683387964381930E-003  7.725744744585798E-004
 -3.029504851407752E-003  9.807945311627701E-004 -1.888401169253452E-003
  8.278759508191576E-004 -1.212025138144106E-003  1.122205455074552E-004
  1.766347013083811E-003 -1.662702213522519E-003  2.435942117991026E-003
 -2.905186781290570E-005  1.443254007073237E-005  3.400972147374605E-005
 Hessian
  0.480895835540346       3.986973602598057E-003  8.459892733846803E-003
 -0.249274314220382       2.467882517846704E-002 -1.461958085161606E-002
 -8.317854299856775E-002 -9.000386757173459E-002 -2.175213865189675E-002
 -6.171775327215707E-002  4.429513147167997E-002 -4.700259276962902E-002
 -6.869611128392246E-002  2.166698575827430E-002  6.670838195813894E-002
 -1.802731715770556E-002 -4.626510064271937E-003  8.211844859898534E-003
 -1.796607610762980E-006  2.461624987337987E-006 -5.807278743134201E-006
  3.986973602598058E-003  0.585898349425166      -1.743863934534633E-002
 -5.818108483741974E-003 -7.236803606632232E-002  1.790490036876167E-002
 -8.465454331575756E-002 -0.263945473301549      -5.207439200768110E-002
  3.564279238842235E-002 -0.168983765539575       0.123483548468426     
  2.172389084576737E-002 -7.823287365025393E-002 -7.011768292492830E-002
  2.911630119382225E-002 -2.379135310483717E-003 -1.740383226967489E-003
  2.693768888717516E-006  1.093444301820103E-005 -1.735133226353535E-005
  8.459892733846803E-003 -1.743863934534636E-002  0.590630666539065     
  2.503864608185946E-002  1.415903318238245E-002 -8.061435337180133E-002
 -2.185760577533037E-002 -5.097759624626923E-002 -6.629877736900749E-002
 -3.730636418412388E-002  0.122748113271738      -0.182227920376950     
  6.070722203511718E-002 -7.062185636142022E-002 -0.261803113645124     
 -3.504302387767003E-002  2.164073486377380E-003  4.219023541780606E-004
  1.232986297790899E-006 -3.312798746278825E-005 -1.084041303572344E-004
 -0.249274314220382      -5.818108483741976E-003  2.503864608185948E-002
  0.412630407958920      -9.618828627274867E-002  8.930505527589845E-002
 -3.537162379212028E-002 -2.724304297472338E-004 -7.981861596800244E-004
 -1.978804055503143E-002  2.713796143570204E-003 -1.391673037152984E-003
 -3.097511396421346E-002  4.123287191464569E-003  3.054184801226689E-003
 -7.723314100320408E-002  9.545871609686267E-002 -0.115169163872394     
  1.182557603126933E-005 -1.697424565901303E-005 -3.886308975769791E-005
  2.467882517846705E-002 -7.236803606632236E-002  1.415903318238244E-002
 -9.618828627274864E-002  0.248893101772360      -0.252417915002172     
 -2.957195780117980E-002  1.163495631810057E-002  2.565754537276149E-003
  2.731721020306481E-002  1.596317436355744E-003 -1.716282701940185E-003
  1.288735000054763E-002  3.054074172218690E-003  6.501998221768894E-004
  6.088890807436357E-002 -0.192817459402575       0.236716716490788     
 -1.204938251630365E-005  7.045769861605315E-006  4.249367148885944E-005
 -1.461958085161606E-002  1.790490036876166E-002 -8.061435337180133E-002
  8.930505527589848E-002 -0.252417915002172       0.358662545219322     
 -7.550254311211499E-003  1.217207432868455E-003  4.459602353871116E-003
 -2.928234399632259E-002  3.544413408194830E-004  3.359027704118221E-003
  3.251735467961281E-002  3.422529850003762E-004  8.100094350023535E-003
 -7.036207143709775E-002  0.232590892688301      -0.294011512586203     
 -8.159359261181576E-006  8.220186422806033E-006  4.459633066845261E-005
 -8.317854299856775E-002 -8.465454331575756E-002 -2.185760577533037E-002
 -3.537162379212034E-002 -2.957195780117979E-002 -7.550254311211485E-003
  0.107065328651635       0.101455887924607       2.489291910786336E-002
  4.665458557930300E-003  6.355253154976105E-003  2.257545920384345E-003
  5.968956131270801E-003  7.775351048799669E-003  1.474182881579917E-003
  8.530979982574897E-004 -1.356876130768278E-003  7.863479137207662E-004
 -2.674548405652334E-006 -3.114880677220094E-006 -3.135737006557939E-006
 -9.000386757173456E-002 -0.263945473301549      -5.097759624626923E-002
 -2.724304297472277E-004  1.163495631810062E-002  1.217207432868453E-003
  0.101455887924607       0.278121067501675       5.684447580853542E-002
 -7.506461664010479E-003 -1.856101333366537E-002 -6.227152397381601E-003
 -3.110141177789130E-003 -8.097418174600893E-003 -1.150806799292859E-003
 -5.606456167721256E-004  8.542750103581339E-004  3.147222263037202E-004
 -2.341464553551125E-006 -6.394020318323990E-006 -2.085002476390354E-005
 -2.175213865189676E-002 -5.207439200768108E-002 -6.629877736900754E-002
 -7.981861596800281E-004  2.565754537276162E-003  4.459602353871144E-003
  2.489291910786337E-002  5.684447580853542E-002  6.160782357449769E-002
  9.086305135399389E-003  2.165149480244012E-002  6.312552101187186E-003
 -1.070129562011663E-002 -2.821168389269101E-002 -5.742212525177879E-003
 -7.267193103764324E-004 -7.811096921250485E-004 -3.392731309191840E-004
 -8.845011929610727E-007  5.460444245417370E-006  2.849955486197149E-007
 -6.171775327215707E-002  3.564279238842232E-002 -3.730636418412387E-002
 -1.978804055503142E-002  2.731721020306480E-002 -2.928234399632259E-002
  4.665458557930276E-003 -7.506461664010478E-003  9.086305135399396E-003
  8.084603350575173E-002 -4.961764144452496E-002  5.144326364698566E-002
  3.692494873436954E-003 -6.957943109048132E-003  5.685350799384356E-003
 -7.696551286525555E-003  1.119393340281849E-003  3.726485132817051E-004
 -1.641823404872111E-006  2.650285814622591E-006  1.140085395276376E-006
  4.429513147167997E-002 -0.168983765539575       0.122748113271738     
  2.713796143570185E-003  1.596317436355734E-003  3.544413408194870E-004
  6.355253154976114E-003 -1.856101333366540E-002  2.165149480244012E-002
 -4.961764144452494E-002  0.176771498734935      -0.134796369345011     
 -3.261445264216959E-003  8.234418306898663E-003 -8.657177161462819E-003
 -4.855218725055549E-004  9.414286545388171E-004 -1.312997002648295E-003
  4.278110211042877E-007  1.115740512370577E-006  1.249409412510301E-005
 -4.700259276962903E-002  0.123483548468426      -0.182227920376950     
 -1.391673037152971E-003 -1.716282701940190E-003  3.359027704118200E-003
  2.257545920384349E-003 -6.227152397381620E-003  6.312552101187190E-003
  5.144326364698566E-002 -0.134796369345011       0.189635891258942     
 -6.365876897196756E-003  2.037120485467969E-002 -1.862092502377922E-002
  1.060746114235560E-003 -1.106227329058653E-003  1.561010880278218E-003
 -1.412977627069830E-006 -8.721549713763430E-006 -1.963654379685760E-005
 -6.869611128392243E-002  2.172389084576735E-002  6.070722203511716E-002
 -3.097511396421347E-002  1.288735000054764E-002  3.251735467961281E-002
  5.968956131270797E-003 -3.110141177789133E-003 -1.070129562011663E-002
  3.692494873436952E-003 -3.261445264216950E-003 -6.365876897196755E-003
  8.839847871925308E-002 -2.727382377911714E-002 -7.755234142631182E-002
  1.611029526198332E-003 -9.658015521133155E-004  1.399742537847077E-003
  2.659979758183316E-007 -2.907307873865212E-008 -4.805308951013110E-006
  2.166698575827430E-002 -7.823287365025393E-002 -7.062185636142025E-002
  4.123287191464572E-003  3.054074172218685E-003  3.422529850003411E-004
  7.775351048799671E-003 -8.097418174600898E-003 -2.821168389269101E-002
 -6.957943109048135E-003  8.234418306898665E-003  2.037120485467967E-002
 -2.727382377911714E-002  7.512071866367252E-002  7.888824193445516E-002
  6.710898723051611E-004 -6.216955994908998E-005 -7.300071073535370E-004
 -4.946982677483024E-006 -1.674975798568708E-005 -3.815241267121956E-005
  6.670838195813895E-002 -7.011768292492827E-002 -0.261803113645124     
  3.054184801226698E-003  6.501998221768966E-004  8.100094350023603E-003
  1.474182881579914E-003 -1.150806799292854E-003 -5.742212525177877E-003
  5.685350799384346E-003 -8.657177161462823E-003 -1.862092502377920E-002
 -7.755234142631182E-002  7.888824193445518E-002  0.277015426450829     
  6.482967668892901E-004  4.183896155085138E-004  1.178537804547803E-003
 -1.805578090414998E-005 -3.116448645561283E-005 -1.278074113217730E-004
 -1.802731715770554E-002  2.911630119382225E-002 -3.504302387767003E-002
 -7.723314100320409E-002  6.088890807436358E-002 -7.036207143709773E-002
  8.530979982574701E-004 -5.606456167721255E-004 -7.267193103764358E-004
 -7.696551286525554E-003 -4.855218725055440E-004  1.060746114235570E-003
  1.611029526198328E-003  6.710898723051638E-004  6.482967668892919E-004
  0.100494125821352      -8.963156850082826E-002  0.104413965845486     
 -1.243898372947701E-006  1.436849614416945E-006  8.805898533410150E-006
 -4.626510064271936E-003 -2.379135310483688E-003  2.164073486377379E-003
  9.545871609686270E-002 -0.192817459402575       0.232590892688301     
 -1.356876130768262E-003  8.542750103581433E-004 -7.811096921250595E-004
  1.119393340281861E-003  9.414286545388068E-004 -1.106227329058658E-003
 -9.658015521132973E-004 -6.216955994909731E-005  4.183896155085036E-004
 -8.963156850082829E-002  0.193471051706875      -0.233266904181191     
  2.646810838943948E-006 -7.991098762463028E-006 -1.911458781199577E-005
  8.211844859898534E-003 -1.740383226967497E-003  4.219023541780255E-004
 -0.115169163872394       0.236716716490788      -0.294011512586203     
  7.863479137207856E-004  3.147222263037304E-004 -3.392731309191579E-004
  3.726485132817114E-004 -1.312997002648262E-003  1.561010880278237E-003
  1.399742537847069E-003 -7.300071073535365E-004  1.178537804547830E-003
  0.104413965845486      -0.233266904181191       0.291159890814268     
 -1.538579784212079E-005  1.885280106718926E-005  2.944386385025931E-005
 -1.796607610766709E-006  2.693768888697467E-006  1.232986297772787E-006
  1.182557603127642E-005 -1.204938251629335E-005 -8.159359261185196E-006
 -2.674548405658535E-006 -2.341464553547791E-006 -8.845011929685211E-007
 -1.641823404868106E-006  4.278110211035917E-007 -1.412977627060448E-006
  2.659979758236680E-007 -4.946982677483253E-006 -1.805578090414869E-005
 -1.243898372948712E-006  2.646810838938853E-006 -1.538579784211344E-005
 -4.734696212858134E-006  1.356943899858422E-005  4.266543052970387E-005
  2.461624987339584E-006  1.093444301819134E-005 -3.312798746277234E-005
 -1.697424565900790E-005  7.045769861606914E-006  8.220186422830732E-006
 -3.114880677218512E-006 -6.394020318323563E-006  5.460444245420530E-006
  2.650285814619351E-006  1.115740512369181E-006 -8.721549713764920E-006
 -2.907307873485497E-008 -1.674975798568257E-005 -3.116448645561300E-005
  1.436849614418007E-006 -7.991098762462198E-006  1.885280106719703E-005
  1.356943899858367E-005  1.203892367430053E-005  4.048059189670250E-005
 -5.807278743129765E-006 -1.735133226353160E-005 -1.084041303572535E-004
 -3.886308975770058E-005  4.249367148885083E-005  4.459633066846437E-005
 -3.135737006556405E-006 -2.085002476390779E-005  2.849955486275191E-007
  1.140085395272223E-006  1.249409412510323E-005 -1.963654379684267E-005
 -4.805308951003826E-006 -3.815241267122152E-005 -1.278074113217662E-004
  8.805898533410663E-006 -1.911458781200144E-005  2.944386385026955E-005
  4.266543052970542E-005  4.048059189670687E-005  1.815228954085032E-004
 Masses in au
   21874.6618111745        29156.9463602902        1837.15258665392     
   1837.15258665392        1837.15258665392        1837.15258665392     
   1837.15258665392     
