 Coordinates, Gradient and Hessian of a Structure written by dl-find
           7           1           1
  0.000000000000000E+000
 Energy
  -116.107487416178     
 Coordinates
  -8.09210852790935        1.00476672212511      -0.324274071895709     
  -5.42721050681978       0.894993634077789      -0.116130884434030     
  -8.88813793250977      -0.758572565484982       -1.00931434934084     
  -8.49396249338548        2.42724845253118       -1.73582392252604     
  -9.02677470561555        1.46358744273609        1.47036967173142     
  -4.82061089345029       0.183471672033553        1.42854831991394     
  -7.35938704523586        3.47746026632371        8.45732031543469     
 Gradient
 -4.532246166745227E-004  4.270931166173476E-003 -8.930979079225201E-003
 -7.882893702354885E-003 -5.080403901680870E-003  7.709645449911714E-003
 -1.616940813677128E-004  6.279318976073369E-003  4.303886406701207E-004
  1.972092953514443E-003 -5.512734032518007E-003 -1.562205228010746E-004
 -2.532140310569933E-003 -2.753935608324662E-003  3.851686068539663E-003
  9.057401785966847E-003  2.778864519483859E-003 -2.960210766247855E-003
  4.579714858389953E-007  1.795888079286485E-005  5.569020915261709E-005
 Hessian
  0.478678292111086       1.239073667026930E-002 -1.848928659897334E-003
 -0.252482572386097       1.364142055452104E-002 -3.511338656612624E-002
 -7.536538910407817E-002 -7.942648093269004E-002 -2.942124642848017E-002
 -4.946990614064690E-002  3.514761114957405E-002 -3.282656324647613E-002
 -9.078475386454948E-002  2.190567010619218E-002  8.825380296343323E-002
 -1.057613898366720E-002 -3.661840426221960E-003  1.094920545807629E-002
  4.683679535317672E-007  2.882878355738715E-006  7.116479470148220E-006
  1.239073667026930E-002  0.581131144859464      -2.504344913363459E-002
 -3.715422808636787E-003 -5.836368991136163E-002  1.586118439695533E-002
 -7.524819100317114E-002 -0.258196305287944      -7.762705067293024E-002
  2.667325688170924E-002 -0.190872088185652       0.137423330818813     
  2.234531237438634E-002 -6.676363577682187E-002 -4.772395746696934E-002
  1.755550172552730E-002 -6.934350715833940E-003 -2.890405799628203E-003
 -1.193840084768344E-006 -1.074981851478597E-006  3.478573943995864E-007
 -1.848928659897327E-003 -2.504344913363459E-002  0.601107293001092     
  8.622219610138935E-003  1.347639869371973E-002 -8.857247253453002E-002
 -2.845534539409219E-002 -7.705145167656394E-002 -8.201224896901331E-002
 -2.327355023753712E-002  0.137765405761277      -0.185381122359086     
  8.180636990608198E-002 -4.821778399879155E-002 -0.245857298144763     
 -3.684816429306340E-002 -9.290327134677904E-004  7.192231491810617E-004
 -2.600931633768896E-006 -8.693253975944230E-008 -3.374142879969000E-006
 -0.252482572386097      -3.715422808636789E-003  8.622219610138943E-003
  0.429770639869671      -7.114112809390048E-002  0.161498668679048     
 -3.163968755919962E-002 -1.982917856998241E-003 -4.445686857657708E-003
 -2.277775942790748E-002  2.804954890661294E-003 -4.889411598605982E-003
 -3.194713194323213E-002  2.797437567009381E-003 -2.135201686700255E-003
 -9.092316295270356E-002  7.123928102455039E-002 -0.158646675448111     
 -3.256005293121941E-007 -2.204722685338304E-006 -3.912698112734140E-006
  1.364142055452105E-002 -5.836368991136170E-002  1.347639869371973E-002
 -7.114112809390051E-002  0.118415071873517      -0.206170272014722     
 -2.728657742409120E-002  1.213944807962296E-002 -1.246721437282714E-004
  2.605677149216679E-002  3.995514768174562E-003  1.453137620644308E-003
  8.741930681867743E-003  1.662289441003984E-003  1.361826887982908E-003
  4.998956450670910E-002 -7.784971038995910E-002  0.189996580975589     
 -1.981717275080840E-006  1.076139001635815E-006  6.999980514562865E-006
 -3.511338656612625E-002  1.586118439695534E-002 -8.857247253453002E-002
  0.161498668679048      -0.206170272014721       0.483145230443492     
 -1.368028461006914E-002  1.798110940865960E-003  2.999542101982817E-003
 -3.270539480267458E-002  3.999385774018442E-004 -9.895565780830677E-004
  2.843341598175985E-002  5.753049548034442E-004  1.090875889896555E-002
 -0.108433754679452       0.187537923113723      -0.407491976629430     
  7.359975184785033E-007 -2.189969027590857E-006  4.742976020298930E-007
 -7.536538910407813E-002 -7.524819100317114E-002 -2.845534539409221E-002
 -3.163968755919958E-002 -2.728657742409121E-002 -1.368028461006912E-002
  9.716544382358136E-002  9.023087278379358E-002  3.551487039125875E-002
  3.813115989583248E-003  3.543287853516770E-003  2.020841495795562E-003
  6.721704345836747E-003  1.135438800479881E-002  4.191440458831703E-003
 -6.949092947533483E-004 -2.593442905549925E-003  4.096294073693015E-004
 -2.782009702608376E-007 -3.373092968993174E-007 -1.151749094022535E-006
 -7.942648093269004E-002 -0.258196305287944      -7.705145167656398E-002
 -1.982917856998246E-003  1.213944807962294E-002  1.798110940865985E-003
  9.023087278379358E-002  0.273198851219324       8.509805591113502E-002
 -7.014021732807060E-003 -2.168441022225996E-002 -8.917448988611113E-003
 -1.888619847352789E-003 -5.777104688307841E-003 -1.621555331422632E-003
  8.124754972237296E-005  3.204538024940957E-004  6.967188507617304E-004
 -7.996366788193315E-008 -9.329029291033478E-007 -2.429706165012485E-006
 -2.942124642848017E-002 -7.762705067293028E-002 -8.201224896901328E-002
 -4.445686857657720E-003 -1.246721437282835E-004  2.999542101982793E-003
  3.551487039125877E-002  8.509805591113503E-002  8.026041329340983E-002
  7.337693083006718E-003  2.132307057243814E-002  8.666854139313097E-003
 -8.382210527954691E-003 -2.743243806121337E-002 -9.496274602721334E-003
 -6.035337726424544E-004 -1.237309993310380E-003 -4.191172595102819E-004
  1.141124694239040E-007  3.443876090790208E-007  8.312965391953274E-007
 -4.946990614064692E-002  2.667325688170923E-002 -2.327355023753709E-002
 -2.277775942790747E-002  2.605677149216677E-002 -3.270539480267460E-002
  3.813115989583252E-003 -7.014021732807041E-003  7.337693083006718E-003
  7.172670124386371E-002 -3.831701034974569E-002  4.029101147182831E-002
  3.552712267456644E-003 -1.054548016823674E-002  7.654304877302219E-003
 -6.844760960155905E-003  3.146645982899145E-003  6.961989392559695E-004
 -1.029721932400537E-007 -1.621059856232382E-007 -2.633311815366610E-007
  3.514761114957405E-002 -0.190872088185652       0.137765405761277     
  2.804954890661285E-003  3.995514768174559E-003  3.999385774018669E-004
  3.543287853516764E-003 -2.168441022225992E-002  2.132307057243812E-002
 -3.831701034974569E-002  0.200702052575157      -0.150017585791182     
 -2.446693687435732E-003  7.744091012360422E-003 -7.889456467025914E-003
 -7.325993116013615E-004  1.140775988123908E-004 -1.583838660057882E-003
  4.494550306171393E-007  7.624534072049944E-007  2.466007149053862E-006
 -3.282656324647613E-002  0.137423330818813      -0.185381122359086     
 -4.889411598605991E-003  1.453137620644312E-003 -9.895565780830200E-004
  2.020841495795561E-003 -8.917448988611123E-003  8.666854139313108E-003
  4.029101147182831E-002 -0.150017585791182       0.191681115691157     
 -4.566211069864083E-003  2.012842628126183E-002 -1.586694344330773E-002
 -2.982463197399230E-005 -6.907049046563561E-005  1.891144149011912E-003
  1.575792961124718E-007 -7.894504598815888E-007 -1.491599005239276E-006
 -9.078475386454950E-002  2.234531237438634E-002  8.180636990608195E-002
 -3.194713194323218E-002  8.741930681867719E-003  2.843341598175985E-002
  6.721704345836771E-003 -1.888619847352787E-003 -8.382210527954688E-003
  3.552712267456644E-003 -2.446693687435734E-003 -4.566211069864067E-003
  0.110043346825777      -2.607926971730539E-002 -9.880249208991640E-002
  2.417461875866274E-003 -6.725016922590039E-004  1.513211587153502E-003
 -3.339507156553629E-006 -1.581119015079242E-007 -2.083787259858937E-006
  2.190567010619220E-002 -6.676363577682182E-002 -4.821778399879154E-002
  2.797437567009371E-003  1.662289441003984E-003  5.753049548034233E-004
  1.135438800479882E-002 -5.777104688307829E-003 -2.743243806121336E-002
 -1.054548016823674E-002  7.744091012360410E-003  2.012842628126184E-002
 -2.607926971730538E-002  6.246803306124486E-002  5.542473567242497E-002
  5.651959692740700E-004  6.675777014714139E-004 -4.851864360157128E-004
  2.058238268330165E-006 -1.250750950800397E-006  6.941587530230831E-006
  8.825380296343323E-002 -4.772395746696931E-002 -0.245857298144763     
 -2.135201686700250E-003  1.361826887982886E-003  1.090875889896556E-002
  4.191440458831700E-003 -1.621555331422629E-003 -9.496274602721318E-003
  7.654304877302216E-003 -7.889456467025893E-003 -1.586694344330773E-002
 -9.880249208991640E-002  5.542473567242497E-002  0.258431252105055     
  8.314948567120651E-004  4.400895090635109E-004  1.855522920867633E-003
  6.650620340465029E-006  8.317195947394358E-006  2.498226590372192E-005
 -1.057613898366720E-002  1.755550172552731E-002 -3.684816429306341E-002
 -9.092316295270358E-002  4.998956450670911E-002 -0.108433754679452     
 -6.949092947533378E-004  8.124754972237467E-005 -6.035337726424573E-004
 -6.844760960155922E-003 -7.325993116013564E-004 -2.982463197400765E-005
  2.417461875866268E-003  5.651959692740779E-004  8.314948567120891E-004
  0.106622592793074      -6.745817830347457E-002  0.145084076200725     
 -1.082477661401239E-006 -7.321361571372675E-007 -2.936803056788385E-007
 -3.661840426221964E-003 -6.934350715833940E-003 -9.290327134677879E-004
  7.123928102455036E-002 -7.784971038995918E-002  0.187537923113723     
 -2.593442905549923E-003  3.204538024941094E-004 -1.237309993310380E-003
  3.146645982899171E-003  1.140775988123967E-004 -6.907049046562683E-005
 -6.725016922590055E-004  6.675777014714124E-004  4.400895090635088E-004
 -6.745817830347456E-002  8.368270563638490E-002 -0.185742619246626     
  3.632005799230888E-008 -7.536333694518709E-007  1.982108320382550E-008
  1.094920545807628E-002 -2.890405799628199E-003  7.192231491810561E-004
 -0.158646675448111       0.189996580975589      -0.407491976629430     
  4.096294073692950E-004  6.967188507617248E-004 -4.191172595102833E-004
  6.961989392559457E-004 -1.583838660057909E-003  1.891144149011906E-003
  1.513211587153498E-003 -4.851864360157011E-004  1.855522920867599E-003
  0.145084076200725      -0.185742619246626       0.403429669266663     
 -5.646144474401886E-006  8.750315977194052E-006  1.553440321731937E-005
  4.683679535273040E-007 -1.193840084767238E-006 -2.600931633751214E-006
 -3.256005293039049E-007 -1.981717275070497E-006  7.359975184709394E-007
 -2.782009702643720E-007 -7.996366788497121E-008  1.141124694193584E-007
 -1.029721932445806E-007  4.494550306138680E-007  1.575792961019152E-007
 -3.339507156552897E-006  2.058238268340384E-006  6.650620340469702E-006
 -1.082477661385852E-006  3.632005799355384E-008 -5.646144474390847E-006
  4.660390557224425E-006  7.115076707749074E-007  5.887664836801105E-007
  2.882878355735399E-006 -1.074981851479942E-006 -8.693253975803670E-008
 -2.204722685340186E-006  1.076139001638410E-006 -2.189969027590835E-006
 -3.373092969007751E-007 -9.329029291063623E-007  3.443876090791985E-007
 -1.621059856185343E-007  7.624534072050253E-007 -7.894504598802069E-007
 -1.581119015064778E-007 -1.250750950794768E-006  8.317195947392513E-006
 -7.321361571431292E-007 -7.536333694578440E-007  8.750315977192610E-006
  7.115076707736883E-007  2.173676691995596E-006 -1.434554750643520E-005
  7.116479470136833E-006  3.478573944206307E-007 -3.374142879990851E-006
 -3.912698112738179E-006  6.999980514559164E-006  4.742976020082526E-007
 -1.151749094023417E-006 -2.429706165017101E-006  8.312965392098494E-007
 -2.633311815209344E-007  2.466007149058717E-006 -1.491599005228053E-006
 -2.083787259844431E-006  6.941587530230327E-006  2.498226590372072E-005
 -2.936803056815608E-007  1.982108318270764E-008  1.553440321734230E-005
  5.887664836717368E-007 -1.434554750643407E-005 -3.695652137706213E-005
 Masses in au
   21874.6618111745        29156.9463602902        1837.15258665392     
   1837.15258665392        1837.15258665392        1837.15258665392     
   1837.15258665392     
