 Coordinates, Gradient and Hessian of a Structure written by dl-find
           7           1           1
  0.000000000000000E+000
 Energy
  -116.109203052239     
 Coordinates
  -8.03720384250973        1.08838315855944      -1.722996079988800E-002
  -5.37159981953866       0.878444541794764      -0.250533158032210     
  -8.97696717994540      -0.702021739188770      -0.437114186317903     
  -8.65217003170924        2.49612483201747       -1.38460971834267     
  -8.58958133975044        1.71050423085234        1.87113893410270     
  -4.80748787560821      -0.380322230899427       0.924492267295185     
  -9.09899098800692        2.93594794150752        6.11433534174743     
 Gradient
 -4.864313487114732E-004  9.196981066711293E-004  4.900174228177238E-004
 -2.498497684765039E-004  5.426201122320460E-005 -2.634537490889462E-004
  7.709557756549367E-004 -2.465320036430028E-004  3.444058140567266E-004
 -3.951188319413753E-004  4.229442017777434E-004 -3.697259342009922E-004
  5.563259198913725E-004 -4.651168556556090E-004 -7.567842211031082E-005
 -2.354032669618788E-004 -5.172962130935238E-004  4.589247226251865E-004
  3.952152054492299E-005 -1.679592472799334E-004 -5.844898540993896E-004
 Hessian
  0.473878218987787       3.318522799967089E-004  1.414867338279489E-002
 -0.241417542872822       3.053748988317824E-002 -5.170192175080284E-004
 -8.943842998982737E-002 -9.279499875632546E-002 -2.226680007594841E-002
 -6.361575292091431E-002  5.097227895889770E-002 -5.142239027805832E-002
 -5.987914777176249E-002  1.598225647066525E-002  5.159818541153475E-002
 -1.957073125805604E-002 -5.093783085730133E-003  8.260359710026925E-003
  4.338582559632224E-005  6.490424931928463E-005  1.989910671569472E-004
  3.318522799967123E-004  0.588750372826533      -2.215355682906821E-002
 -4.102332727569670E-003 -7.735561585618686E-002  1.788392800551524E-002
 -8.741647170644493E-002 -0.252709383358996      -4.783310962941791E-002
  4.164085239646776E-002 -0.178966623309858       0.125869158796322     
  1.610170606535610E-002 -7.743372072712557E-002 -7.006101581218253E-002
  3.340734250816029E-002 -2.334720913262753E-003 -3.503629134568706E-003
  3.705118403210352E-005  4.969133889429097E-005 -2.017753965978925E-004
  1.414867338279488E-002 -2.215355682906818E-002  0.588715218037398     
  3.401872653953381E-002  1.228240095609276E-002 -7.808407042638515E-002
 -2.235121659631475E-002 -4.616735561677227E-002 -6.563520279805393E-002
 -4.166912797882139E-002  0.124199174916300      -0.174711957181983     
  4.622792718948839E-002 -7.071469019113517E-002 -0.271413070764504     
 -3.051536809302102E-002  2.785941486987015E-003  1.783188548036762E-003
  1.403855563334679E-004 -2.319147224125652E-004 -6.541054145015068E-004
 -0.241417542872822      -4.102332727569668E-003  3.401872653953381E-002
  0.408819727021834      -0.125020696007030       6.533747120240779E-002
 -3.537245748078379E-002  9.312354100598879E-004  1.998967065298970E-003
 -2.216560579674524E-002  3.514552253228220E-003  5.651275439619597E-004
 -2.780905894472231E-002  4.483070121998307E-003  6.009655790794139E-003
 -8.210741313364861E-002  0.120242974812797      -0.107814502446715     
  5.235120688891986E-005 -4.880386348190348E-005 -1.154456952827457E-004
  3.053748988317823E-002 -7.735561585618686E-002  1.228240095609276E-002
 -0.125020696007030       0.320678932649764      -0.257028228351664     
 -2.829380144500992E-002  1.157157132057808E-002  4.586239650998106E-003
  2.963834926290472E-002  2.682250033510722E-004 -3.389375254790020E-003
  1.273929603590552E-002  3.042811864602333E-003 -3.233879082357056E-004
  8.044113154679060E-002 -0.258222174011393       0.243783473667941     
 -4.176927674163540E-005  1.624902928006424E-005  8.887723965972322E-005
 -5.170192175080195E-004  1.788392800551525E-002 -7.808407042638515E-002
  6.533747120240779E-002 -0.257028228351664       0.292723956437249     
 -5.301223265464079E-003  1.437631429083154E-003  4.572133853704071E-003
 -2.652919516946062E-002  1.032259563412622E-003  5.389805635722656E-003
  3.490232462812112E-002 -6.635332181560859E-004  5.870638509152044E-003
 -6.782439904550194E-002  0.237303184690276      -0.230575776138292     
 -6.795913259198217E-005  3.475788153672944E-005  1.033121288476094E-004
 -8.943842998982737E-002 -8.741647170644494E-002 -2.235121659631476E-002
 -3.537245748078381E-002 -2.829380144500991E-002 -5.301223265464063E-003
  0.112956353451378       0.104467149258168       2.357150151454371E-002
  5.310992188550006E-003  7.228212545666957E-003  2.520602786626800E-003
  5.335676125977254E-003  5.439163962357839E-003  7.829350937924678E-004
  1.215641270175860E-003 -1.406756663333847E-003  8.110917980010916E-004
 -7.775565470299408E-006 -1.749595140388832E-005 -3.369133118527194E-005
 -9.279499875632545E-002 -0.252709383358996      -4.616735561677230E-002
  9.312354100598496E-004  1.157157132057808E-002  1.437631429083159E-003
  0.104467149258168       0.265834966426702       5.183721363319885E-002
 -8.607447368052450E-003 -1.814175413944693E-002 -6.515968986357809E-003
 -3.360673919221345E-003 -7.714897272769116E-003 -8.623452809513131E-004
 -6.419831521192655E-004  1.182375630794821E-003  3.414590107784841E-004
  6.718527490765630E-006 -2.287860686274949E-005 -7.063418897907278E-005
 -2.226680007594841E-002 -4.783310962941791E-002 -6.563520279805403E-002
  1.998967065298969E-003  4.586239650998089E-003  4.572133853704065E-003
  2.357150151454372E-002  5.183721363319885E-002  6.058856080248033E-002
  9.625886756823432E-003  2.005720631782005E-002  5.986432408417736E-003
 -1.203160803177092E-002 -2.809637414870732E-002 -5.296851602767528E-003
 -8.999289495628546E-004 -5.853608530467451E-004 -2.404192039789926E-004
  1.981720615941071E-006  3.418502915482620E-005  2.534654019852560E-005
 -6.361575292091431E-002  4.164085239646776E-002 -4.166912797882137E-002
 -2.216560579674523E-002  2.963834926290473E-002 -2.652919516946063E-002
  5.310992188550002E-003 -8.607447368052454E-003  9.625886756823434E-003
  8.493139693575129E-002 -5.795231351621180E-002  5.417969535393929E-002
  3.421735564845068E-003 -5.418726662280228E-003  3.967603049169572E-003
 -7.876703699354204E-003  6.959680743063894E-004  4.446740986054021E-004
 -6.062272132527851E-006  3.317812865728294E-006 -1.953611025579257E-005
  5.097227895889767E-002 -0.178966623309858       0.124199174916300     
  3.514552253228235E-003  2.682250033510856E-004  1.032259563412660E-003
  7.228212545666962E-003 -1.814175413944694E-002  2.005720631782004E-002
 -5.795231351621179E-002  0.187181845125544      -0.136095051057062     
 -3.551911596343325E-003  8.299845112060061E-003 -8.156186863872749E-003
 -2.081000425261042E-004  1.353427621530792E-003 -1.103419975463664E-003
 -2.718602711822669E-006  5.034586819418649E-006  6.601709886653552E-005
 -5.142239027805834E-002  0.125869158796322      -0.174711957181983     
  5.651275439619822E-004 -3.389375254790027E-003  5.389805635722660E-003
  2.520602786626803E-003 -6.515968986357814E-003  5.986432408417722E-003
  5.417969535393928E-002 -0.136095051057062       0.180750628636961     
 -7.433226337914217E-003  2.147465315013523E-002 -1.860413263131289E-002
  1.581747536506452E-003 -1.314064867533262E-003  1.219988605749730E-003
  8.443394937557394E-006 -2.935178071440803E-005 -3.076547355553474E-005
 -5.987914777176245E-002  1.610170606535609E-002  4.622792718948839E-002
 -2.780905894472233E-002  1.273929603590551E-002  3.490232462812116E-002
  5.335676125977257E-003 -3.360673919221349E-003 -1.203160803177092E-002
  3.421735564845080E-003 -3.551911596343323E-003 -7.433226337914225E-003
  7.747882398516776E-002 -2.101360450484832E-002 -6.299608820944565E-002
  1.390544924402783E-003 -9.413067322173726E-004  1.244470158998304E-003
  6.142611609036739E-005  2.649465136667628E-005  8.620060252458981E-005
  1.598225647066526E-002 -7.743372072712554E-002 -7.071469019113519E-002
  4.483070121998309E-003  3.042811864602345E-003 -6.635332181560867E-004
  5.439163962357832E-003 -7.714897272769099E-003 -2.809637414870732E-002
 -5.418726662280233E-003  8.299845112060058E-003  2.147465315013523E-002
 -2.101360450484832E-002  7.408911558371251E-002  7.913791977021681E-002
  5.040751980259082E-004 -2.687238822002023E-004 -9.098504912640996E-004
  2.376541408318241E-005 -1.443067827742048E-005 -2.281248710913989E-004
  5.159818541153475E-002 -7.006101581218255E-002 -0.271413070764504     
  6.009655790794139E-003 -3.233879082357106E-004  5.870638509152017E-003
  7.829350937924678E-004 -8.623452809513140E-004 -5.296851602767539E-003
  3.967603049169568E-003 -8.156186863872750E-003 -1.860413263131288E-002
 -6.299608820944563E-002  7.913791977021681E-002  0.289370515682629     
  5.594862163439977E-004  4.857917957240668E-004  7.686358602104711E-004
  7.822264781776872E-005 -2.207757006889977E-004 -6.957350534144600E-004
 -1.957073125805603E-002  3.340734250816030E-002 -3.051536809302103E-002
 -8.210741313364861E-002  8.044113154679061E-002 -6.782439904550190E-002
  1.215641270175847E-003 -6.419831521192768E-004 -8.999289495628624E-004
 -7.876703699354204E-003 -2.081000425261180E-004  1.581747536506443E-003
  1.390544924402787E-003  5.040751980258974E-004  5.594862163439888E-004
  0.106957273691802      -0.113513165188774       9.707112877718779E-002
 -8.611795323104252E-006  1.069913044080643E-005  2.733355804825230E-005
 -5.093783085730136E-003 -2.334720913262731E-003  2.785941486987022E-003
  0.120242974812797      -0.258222174011393       0.237303184690276     
 -1.406756663333839E-003  1.182375630794821E-003 -5.853608530467510E-004
  6.959680743063893E-004  1.353427621530799E-003 -1.314064867533264E-003
 -9.413067322173830E-004 -2.687238822002036E-004  4.857917957240700E-004
 -0.113513165188774       0.258311058503273      -0.238624939520843     
  1.606878295411567E-005 -2.124294873864497E-005 -5.055273156534557E-005
  8.260359710026926E-003 -3.503629134568703E-003  1.783188548036775E-003
 -0.107814502446715       0.243783473667941      -0.230575776138292     
  8.110917980010985E-004  3.414590107784889E-004 -2.404192039789924E-004
  4.446740986054136E-004 -1.103419975463670E-003  1.219988605749748E-003
  1.244470158998319E-003 -9.098504912640903E-004  7.686358602104923E-004
  9.707112877718781E-002 -0.238624939520843       0.227023802336599     
 -1.722209610676326E-005  1.690644341705894E-005  2.057999167718955E-005
  4.338582559631810E-005  3.705118403210111E-005  1.403855563334856E-004
  5.235120688891443E-005 -4.176927674162192E-005 -6.795913259195439E-005
 -7.775565470305430E-006  6.718527490764859E-006  1.981720615937617E-006
 -6.062272132534185E-006 -2.718602711825884E-006  8.443394937551218E-006
  6.142611609036141E-005  2.376541408318123E-005  7.822264781776791E-005
 -8.611795323109038E-006  1.606878295411947E-005 -1.722209610677158E-005
 -1.347135156496406E-004 -3.911602910671160E-005 -1.438520910060203E-004
  6.490424931927730E-005  4.969133889431072E-005 -2.319147224125578E-004
 -4.880386348189851E-005  1.624902928006202E-005  3.475788153672130E-005
 -1.749595140389059E-005 -2.287860686274886E-005  3.418502915482695E-005
  3.317812865729885E-006  5.034586819419655E-006 -2.935178071440629E-005
  2.649465136667839E-005 -1.443067827742475E-005 -2.207757006890002E-004
  1.069913044080646E-005 -2.124294873864474E-005  1.690644341705876E-005
 -3.911602910671350E-005 -1.242272111499311E-005  3.961928497073680E-004
  1.989910671569456E-004 -2.017753965978861E-004 -6.541054145014900E-004
 -1.154456952827383E-004  8.887723965971847E-005  1.033121288476098E-004
 -3.369133118527389E-005 -7.063418897906901E-005  2.534654019851326E-005
 -1.953611025579372E-005  6.601709886653669E-005 -3.076547355553853E-005
  8.620060252459050E-005 -2.281248710913907E-004 -6.957350534144624E-004
  2.733355804825263E-005 -5.055273156533781E-005  2.057999167718190E-005
 -1.438520910060147E-004  3.961928497073665E-004  1.231367280748220E-003
 Masses in au
   21874.6618111745        29156.9463602902        1837.15258665392     
   1837.15258665392        1837.15258665392        1837.15258665392     
   1837.15258665392     
