 Coordinates, Gradient and Hessian of a Structure written by dl-find
           7           1           1
  0.000000000000000E+000
 Energy
  -116.103284824207     
 Coordinates
  -7.96662274060028        1.07838952807214      -6.881061699840130E-003
  -5.41922924625644       0.895282762257306      -0.229858981415408     
  -9.02881447657614      -0.672204687028572      -8.307238412791360E-002
  -8.70315183352808        2.62973001890898       -1.10548764150887     
  -8.68238373749610        2.03201042010400        2.88870553081043     
  -4.82058462624967      -0.544896258352545       0.668885193171450     
  -8.97474429447112        2.46734939719420        4.26787378122551     
 Gradient
  4.162879112331471E-003  7.697747425503856E-003  2.236536068341767E-002
 -9.118048211985825E-003 -6.972732329476409E-003  1.971561082234548E-003
  1.369963138703703E-003  1.753110765657113E-003 -2.735297588442944E-003
  1.128965505621505E-003 -3.006434398352947E-003 -3.394866081128077E-004
  3.160746722121576E-003 -4.514414566772818E-003 -1.334961043912078E-002
 -1.524551391956078E-003  6.478620781957140E-003 -3.224187731080033E-003
  8.200451251629673E-004 -1.435897678515334E-003 -4.688339398896070E-003
 Hessian
  0.581444266557126       5.223212409480522E-003  4.614584842468573E-002
 -0.365312433790221       4.557725659951419E-002  2.545069542795900E-002
 -0.115357848827071      -0.120220989578230      -1.490461292787441E-002
 -7.997508510316019E-002  7.454962560493220E-002 -6.268317050821927E-002
 -1.919760900385813E-003 -1.838956321489640E-003 -5.390362019646927E-003
 -2.141628505669394E-002 -4.814072288187708E-003  6.581232395200052E-003
  2.537147120405043E-003  1.523923573981347E-003  4.800369207895245E-003
  5.223212409480527E-003  0.587460873347215      -0.159653052786924     
 -1.964104233482547E-003 -8.586873052137101E-002  3.118661972554555E-002
 -0.108489608962591      -0.272984958336703      -1.531089197307080E-002
  6.325357993207266E-002 -0.223697748340219       0.151146570023348     
 -3.538097700362377E-003 -9.582974781185605E-004  1.335289694091708E-002
  4.192131427143319E-002 -3.493135589362815E-003 -5.550434587463508E-003
  3.593704283452142E-003 -4.580030814428345E-004 -1.517170734235153E-002
  4.614584842468575E-002 -0.159653052786924       0.181329852506101     
  2.789447748256355E-002  2.495194662179608E-002 -3.282739386274072E-002
 -3.899797696636289E-003  7.568509079915683E-003 -2.453330292814048E-002
 -4.728998725926325E-002  0.127426239560790      -0.120029439657115     
 -1.180039124660218E-002  1.388083464406011E-002  3.720010249211256E-002
 -2.325901781517971E-002  1.394417416863064E-003  1.639035324600315E-003
  1.220886811043765E-002 -1.556889453650638E-002 -4.277885387481449E-002
 -0.365312433790221      -1.964104233482545E-003  2.789447748256355E-002
  0.505552813246109      -0.155630337621750       5.551788930671660E-002
 -3.064703582004312E-002  3.329948813762035E-003  2.920795334810349E-003
 -2.100493644453203E-002  1.929643892640839E-003  6.252627603529163E-004
 -4.246158838179969E-003 -2.823748016636406E-004 -1.787005543289009E-003
 -8.587252766450852E-002  0.151174661715563      -9.101142235820552E-002
  1.530279311376325E-003  1.442562234930343E-003  5.840003017051577E-003
  4.557725659951419E-002 -8.586873052137102E-002  2.495194662179609E-002
 -0.155630337621750       0.431981102125092      -0.250117818268486     
 -2.911825769958433E-002  1.253602490423210E-002  6.265733961302525E-003
  3.274927116137763E-002  1.686598074428402E-003 -6.410022545591079E-003
  2.449243511842500E-003  5.215373480347033E-005 -1.094961129453946E-003
  0.104703162737123      -0.360272182290204       0.226811181828850     
 -7.303386885258430E-004 -1.149660269807577E-004 -4.060604684195705E-004
  2.545069542795903E-002  3.118661972554552E-002 -3.282739386274069E-002
  5.551788930671654E-002 -0.250117818268486       0.168317641273751     
 -2.697592640753999E-003 -2.160235017111031E-003  5.454656943459495E-003
 -2.180011916817803E-002  2.795358956775143E-004  4.264540628583431E-003
  6.810259580984581E-003 -1.614279578766975E-003 -3.678646746315828E-003
 -6.083728154866475E-002  0.221640637720559      -0.143068781022187     
 -2.443850958062137E-003  7.855395225820563E-004  1.537982785450249E-003
 -0.115357848827071      -0.108489608962591      -3.899797696636287E-003
 -3.064703582004315E-002 -2.911825769958434E-002 -2.697592640753982E-003
  0.135414917222397       0.129506579410828       5.428245147934414E-003
  8.168524523096144E-003  8.925568019609352E-003 -1.300273289107594E-004
  5.559675129200096E-004  4.895523473380745E-004 -1.337856369490434E-004
  1.913356861819608E-003 -1.403840537713921E-003  1.652882092671972E-003
 -4.788147311909537E-005  9.000742211396262E-005 -2.199239373563187E-004
 -0.120220989578230      -0.272984958336703       7.568509079915677E-003
  3.329948813762031E-003  1.253602490423211E-002 -2.160235017111042E-003
  0.129506579410828       0.272150521198188      -3.753434899701549E-004
 -1.108056875000880E-002 -1.254910132512833E-002 -5.097274069474496E-003
 -7.805804983921024E-004 -1.543980661634772E-003  3.476813627082182E-005
 -1.046041881728608E-003  1.786298839821005E-003  3.003538507628007E-004
  2.916524837693788E-004  6.051953812247149E-004 -2.707784903935911E-004
 -1.490461292787442E-002 -1.531089197307080E-002 -2.453330292814048E-002
  2.920795334810352E-003  6.265733961302522E-003  5.454656943459491E-003
  5.428245147934415E-003 -3.753434899701557E-004  1.964231810732949E-002
  8.088392952283918E-003  1.560955238123839E-002  4.807081880670474E-003
 -8.236727267689071E-004 -5.679219882839199E-003 -4.846648017086863E-003
 -7.428220946700930E-004 -1.556167274116449E-003 -1.158362539032684E-003
  3.367431428432922E-005  1.046336277456053E-003  6.342565528003218E-004
 -7.997508510316019E-002  6.325357993207266E-002 -4.728998725926324E-002
 -2.100493644453204E-002  3.274927116137759E-002 -2.180011916817803E-002
  8.168524523096158E-003 -1.108056875000879E-002  8.088392952283923E-003
  9.963964537025795E-002 -8.451571550792056E-002  6.099570030228826E-002
  3.232315658266969E-004 -6.306284416816771E-004  2.934825685157698E-004
 -7.077580519307072E-003  2.777409922648338E-004 -6.163713854889196E-005
 -7.379939218146457E-005 -5.367938610405420E-005 -2.258322570977361E-004
  7.454962560493220E-002 -0.223697748340219       0.127426239560790     
  1.929643892640853E-003  1.686598074428390E-003  2.795358956774961E-004
  8.925568019609370E-003 -1.254910132512834E-002  1.560955238123838E-002
 -8.451571550792057E-002  0.231252673903458      -0.141226895815047     
  7.321800244895979E-005  2.951661389214703E-004 -2.951956275265235E-003
 -8.365927393343193E-004  2.705147525880038E-003  3.506147237433138E-004
 -1.257472723767519E-004  3.072640226591353E-004  5.129095288630501E-004
 -6.268317050821925E-002  0.151146570023348      -0.120029439657114     
  6.252627603529336E-004 -6.410022545591079E-003  4.264540628583439E-003
 -1.300273289107536E-004 -5.097274069474489E-003  4.807081880670455E-003
  6.099570030228825E-002 -0.141226895815047       0.113079060838692     
 -4.843675821420871E-004  2.352561653795538E-003 -6.182693796781869E-003
  1.642271601567841E-003 -1.281265805006047E-004  2.657800847811717E-003
  3.433075506249700E-005 -6.368126665301294E-004  1.403649258138597E-003
 -1.919760900385811E-003 -3.538097700362383E-003 -1.180039124660218E-002
 -4.246158838179966E-003  2.449243511842496E-003  6.810259580984549E-003
  5.559675129200094E-004 -7.805804983921017E-004 -8.236727267689073E-004
  3.232315658266996E-004  7.321800244895597E-005 -4.843675821420838E-004
  2.479560177401973E-002 -1.118874631675228E-002 -3.420427172258296E-002
 -1.777630230308337E-004 -6.817380588693324E-006  1.709215847638816E-004
 -1.933111809117493E-002  1.299178038180895E-002  4.033152211234408E-002
 -1.838956321489636E-003 -9.582974781185856E-004  1.388083464406010E-002
 -2.823748016636531E-004  5.215373480346792E-005 -1.614279578766970E-003
  4.895523473380787E-004 -1.543980661634761E-003 -5.679219882839199E-003
 -6.306284416816763E-004  2.951661389214594E-004  2.352561653795552E-003
 -1.118874631675228E-002  3.172246344029914E-002  5.131263434331979E-002
  4.097635158957867E-004 -1.206619938554248E-004  3.478725687715012E-005
  1.304139001836112E-002 -2.944684318042274E-002 -6.028731843644101E-002
 -5.390362019646932E-003  1.335289694091708E-002  3.720010249211258E-002
 -1.787005543289002E-003 -1.094961129453948E-003 -3.678646746315815E-003
 -1.337856369490414E-004  3.476813627082321E-005 -4.846648017086861E-003
  2.934825685157664E-004 -2.951956275265226E-003 -6.182693796781878E-003
 -3.420427172258297E-002  5.131263434331980E-002  0.179356213860506     
  3.706751009823117E-004  1.857337643528035E-004  8.770434320562223E-004
  4.085126725299644E-002 -6.083911578016666E-002 -0.202725371224472     
 -2.141628505669395E-002  4.192131427143318E-002 -2.325901781517972E-002
 -8.587252766450852E-002  0.104703162737123      -6.083728154866473E-002
  1.913356861819597E-003 -1.046041881728633E-003 -7.428220946700916E-004
 -7.077580519307090E-003 -8.365927393343370E-004  1.642271601567829E-003
 -1.777630230308215E-004  4.097635158957816E-004  3.706751009823080E-004
  0.112658063927364      -0.145071987559745       8.296795312820730E-002
 -2.726452564393939E-005 -7.961834364406692E-005 -1.417783722436457E-004
 -4.814072288187702E-003 -3.493135589362788E-003  1.394417416863068E-003
  0.151174661715563      -0.360272182290204       0.221640637720559     
 -1.403840537713913E-003  1.786298839820995E-003 -1.556167274116446E-003
  2.777409922648352E-004  2.705147525880033E-003 -1.281265805006186E-004
 -6.817380588708510E-006 -1.206619938554317E-004  1.857337643528078E-004
 -0.145071987559745       0.359356710758847      -0.221990230799131     
 -1.556849415902111E-004  3.782274887289874E-005  4.537357519749906E-004
  6.581232395200027E-003 -5.550434587463518E-003  1.639035324600294E-003
 -9.101142235820547E-002  0.226811181828850      -0.143068781022187     
  1.652882092671960E-003  3.003538507627952E-004 -1.158362539032680E-003
 -6.163713854891554E-005  3.506147237433246E-004  2.657800847811703E-003
  1.709215847638955E-004  3.478725687714890E-005  8.770434320561928E-004
  8.296795312820732E-002 -0.221990230799131       0.139614365815369     
 -2.999297040902415E-004  4.372772636127003E-005 -5.611018586192925E-004
  2.537147120405058E-003  3.593704283452145E-003  1.220886811043766E-002
  1.530279311376312E-003 -7.303386885258258E-004 -2.443850958062147E-003
 -4.788147311909808E-005  2.916524837693783E-004  3.367431428432917E-005
 -7.379939218146280E-005 -1.257472723767456E-004  3.433075506248884E-005
 -1.933111809117493E-002  1.304139001836112E-002  4.085126725299643E-002
 -2.726452564394289E-005 -1.556849415902111E-004 -2.999297040902450E-004
  1.541263705034435E-002 -1.591497588309591E-002 -5.038435977062409E-002
  1.523923573981351E-003 -4.580030814428267E-004 -1.556889453650637E-002
  1.442562234930338E-003 -1.149660269807634E-004  7.855395225820540E-004
  9.000742211396999E-005  6.051953812247150E-004  1.046336277456056E-003
 -5.367938610405159E-005  3.072640226591381E-004 -6.368126665301382E-004
  1.299178038180895E-002 -2.944684318042274E-002 -6.083911578016666E-002
 -7.961834364406692E-005  3.782274887290573E-005  4.372772636127353E-005
 -1.591497588309590E-002  2.906953013609860E-002  7.516921945679718E-002
  4.800369207895244E-003 -1.517170734235153E-002 -4.277885387481448E-002
  5.840003017051581E-003 -4.060604684195820E-004  1.537982785450249E-003
 -2.199239373563142E-004 -2.707784903935892E-004  6.342565528003237E-004
 -2.258322570977351E-004  5.129095288630525E-004  1.403649258138606E-003
  4.033152211234408E-002 -6.028731843644101E-002 -0.202725371224472     
 -1.417783722436457E-004  4.537357519749906E-004 -5.611018586192855E-004
 -5.038435977062410E-002  7.516921945679719E-002  0.242489438361495     
 Masses in au
   21874.6618111745        29156.9463602902        1837.15258665392     
   1837.15258665392        1837.15258665392        1837.15258665392     
   1837.15258665392     
