 Coordinates, Gradient and Hessian of a Structure written by dl-find
           7           1           1
  0.000000000000000E+000
 Energy
  -116.109408273798     
 Coordinates
  -8.01702080585277        1.07714363128288      -1.327287316649740E-002
  -5.35528316363525       0.866838029600149      -0.290585725692644     
  -8.97898691980336      -0.687128614380979      -0.491394317055241     
  -8.63593406713436        2.53676888412359       -1.32030080820208     
  -8.54796729094795        1.63881423733674        1.90234795892324     
  -4.76583792199911      -0.394811710091893       0.866966719985934     
  -9.69574342470552        3.28462103024647        6.71916976144053     
 Gradient
 -3.751160809409441E-004  3.789305028667363E-004 -1.300673891385644E-004
  1.365518705723822E-004 -1.899988823106810E-004 -5.777884186593037E-005
  1.854158515944564E-004 -6.526412145415719E-005 -3.714711867597317E-006
  1.371390318429854E-006 -7.363097361164292E-005  5.533869992097383E-005
  1.060804354495498E-004 -7.346053170250812E-005  1.167964003138986E-004
 -5.438745229044508E-005  3.725762852636173E-005  6.220845769149438E-005
  8.398529657162652E-008 -1.383362231410406E-005 -4.278261505427936E-005
 Hessian
  0.474759253927678       6.076703319512774E-004  1.623668352982795E-002
 -0.240637042265588       3.070639473155442E-002  1.956890132053630E-003
 -9.168814587519741E-002 -9.349395344705252E-002 -2.592149600007906E-002
 -6.367886204429975E-002  5.390622288515400E-002 -5.021299736126385E-002
 -5.916394848814529E-002  1.334403259555288E-002  4.918907355095906E-002
 -1.959980267928913E-002 -5.081572966034355E-003  8.719454427013867E-003
  8.547424842814701E-006  1.120586887570323E-005  3.239172148658625E-005
  6.076703319512793E-004  0.589417178539753      -2.279040952463927E-002
 -3.407363383751158E-003 -7.746742741928278E-002  1.803844843014261E-002
 -8.845976967197887E-002 -0.246956314888013      -5.366839088341169E-002
  4.418756663402242E-002 -0.189612410651957       0.126099201902545     
  1.370755545356396E-002 -7.296210281710637E-002 -6.330458979746360E-002
  3.335448878151857E-002 -2.431803863925233E-003 -4.337024217614518E-003
  9.851854673100478E-006  1.288110052942028E-005 -3.723590955625297E-005
  1.623668352982795E-002 -2.279040952463927E-002  0.586296504910465     
  3.638771603625729E-002  1.164427103171589E-002 -7.865182821028860E-002
 -2.585363533771127E-002 -5.190531184666201E-002 -6.897868119898709E-002
 -4.070375973663445E-002  0.124350796364974      -0.165158488129296     
  4.377971673578276E-002 -6.407770890607639E-002 -0.275635181049313     
 -2.988113257550050E-002  2.814857251869966E-003  2.209262299059837E-003
  3.441134797485569E-005 -3.649437119098931E-005 -8.158862163073665E-005
 -0.240637042265588      -3.407363383751152E-003  3.638771603625728E-002
  0.411709105507708      -0.131582535266604       6.508025204370342E-002
 -3.514549368066791E-002  1.017353181699687E-003  2.536552331323604E-003
 -2.280488157846531E-002  3.588544422606618E-003  9.430383322705960E-004
 -2.688671449892953E-002  4.307006395166431E-003  6.310525183505485E-003
 -8.624195713233376E-002  0.126078696964771      -0.111259549265453     
  6.983648277452805E-006 -1.702313886321088E-006  1.465338391201117E-006
  3.070639473155441E-002 -7.746742741928277E-002  1.164427103171589E-002
 -0.131582535266604       0.323068328083979      -0.255740674210228     
 -2.753613327892468E-002  1.164989073988878E-002  5.186559346456092E-003
  3.051451948864876E-002  3.381271647755840E-004 -3.857118830561067E-003
  1.147073689438318E-002  2.885379449487437E-003 -4.964893461473052E-004
  8.644030731833820E-002 -0.260477981064475       0.243243805194740     
 -1.328988739794898E-005  3.683045622670292E-006  1.964681402774101E-005
  1.956890132053623E-003  1.803844843014260E-002 -7.865182821028846E-002
  6.508025204370343E-002 -0.255740674210229       0.288985779974235     
 -5.734046491696360E-003  1.769411068903058E-003  4.881473621167434E-003
 -2.549181405790705E-002  1.021759695774177E-003  5.504187870930724E-003
  3.557352857044294E-002 -9.362095897903181E-004  5.312684999066303E-003
 -7.136533011439038E-002  0.235842137304121      -0.226045227188279     
 -1.948008220453002E-005  5.127301082047378E-006  1.292893316469014E-005
 -9.168814587519744E-002 -8.845976967197891E-002 -2.585363533771127E-002
 -3.514549368066787E-002 -2.753613327892467E-002 -5.734046491696352E-003
  0.115057148480638       0.105247507059943       2.733913483687230E-002
  5.445783908852194E-003  7.135638876075118E-003  2.719850074097458E-003
  5.235584400640970E-003  5.046186432497947E-003  8.405949718554445E-004
  1.096321971537371E-003 -1.426950052381649E-003  7.006024892046882E-004
 -1.199205803248180E-006 -6.479365230368744E-006 -1.250054262228896E-005
 -9.349395344705252E-002 -0.246956314888013      -5.190531184666202E-002
  1.017353181699671E-003  1.164989073988879E-002  1.769411068903059E-003
  0.105247507059943       0.259673045293787       5.796674640486285E-002
 -9.253535783471403E-003 -1.883801932759902E-002 -7.350677565858685E-003
 -2.956003763056620E-003 -6.614906430952492E-003 -8.726882591201847E-004
 -5.669862529215048E-004  1.096616234699428E-003  4.190857298651028E-004
  5.619004859822459E-006 -1.031162181113793E-005 -2.656553199007489E-005
 -2.592149600007906E-002 -5.366839088341169E-002 -6.897868119898702E-002
  2.536552331323604E-003  5.186559346456095E-003  4.881473621167428E-003
  2.733913483687230E-002  5.796674640486286E-002  6.427853187055249E-002
  9.385447175178059E-003  1.906330815122434E-002  6.346545661872730E-003
 -1.242826154107897E-002 -2.800077202073458E-002 -6.218414892053643E-003
 -9.145161642969031E-004 -5.529592790148889E-004 -3.044354185220265E-004
  3.139362080903980E-006  5.508280617668626E-006 -5.019644029722872E-006
 -6.367886204429976E-002  4.418756663402244E-002 -4.070375973663444E-002
 -2.280488157846532E-002  3.051451948864873E-002 -2.549181405790703E-002
  5.445783908852198E-003 -9.253535783471406E-003  9.385447175178059E-003
  8.556311142987574E-002 -6.100622631585064E-002  5.251940034938606E-002
  3.303963495289556E-003 -5.311509505311300E-003  3.528488002995571E-003
 -7.828460165358844E-003  8.696970028609353E-004  7.716895246526276E-004
 -6.550458935480136E-007 -5.115208986460671E-007 -9.451257670968387E-006
  5.390622288515401E-002 -0.189612410651957       0.124350796364974     
  3.588544422606621E-003  3.381271647755941E-004  1.021759695774184E-003
  7.135638876075111E-003 -1.883801932759900E-002  1.906330815122435E-002
 -6.100622631585064E-002  0.198881606212134      -0.136081979714596     
 -3.362702632197206E-003  7.887686079307676E-003 -7.222046048551890E-003
 -2.580311928891129E-004  1.340012665308498E-003 -1.156389091995518E-003
 -3.446042898868414E-006  2.997858030039402E-006  2.455064317099258E-005
 -5.021299736126383E-002  0.126099201902545      -0.165158488129296     
  9.430383322705953E-004 -3.857118830561077E-003  5.504187870930718E-003
  2.719850074097451E-003 -7.350677565858685E-003  6.346545661872732E-003
  5.251940034938606E-002 -0.136081979714596       0.170299132129077     
 -7.649736733651148E-003  2.249110589193832E-002 -1.815952684175408E-002
  1.675124580500030E-003 -1.289657994123465E-003  1.181664098711079E-003
  5.320758660601157E-006 -1.087368934476134E-005 -1.351478954098944E-005
 -5.916394848814530E-002  1.370755545356397E-002  4.377971673578275E-002
 -2.688671449892953E-002  1.147073689438318E-002  3.557352857044297E-002
  5.235584400640969E-003 -2.956003763056621E-003 -1.242826154107897E-002
  3.303963495289552E-003 -3.362702632197204E-003 -7.649736733651149E-003
  7.596922175557144E-002 -1.787897809489549E-002 -6.052207742463770E-002
  1.548847947065556E-003 -9.955339558460027E-004  1.205705495441415E-003
 -6.954611493429926E-006  1.492609804626262E-005  4.112489770306143E-005
  1.334403259555289E-002 -7.296210281710634E-002 -6.407770890607638E-002
  4.307006395166431E-003  2.885379449487432E-003 -9.362095897903119E-004
  5.046186432497952E-003 -6.614906430952485E-003 -2.800077202073456E-002
 -5.311509505311305E-003  7.887686079307669E-003  2.249110589193835E-002
 -1.787897809489549E-002  6.904987822216144E-002  7.152627121562663E-002
  4.783922466022979E-004 -2.193784775056976E-004 -9.378086726773273E-004
  1.486993038808566E-005 -2.655602538979866E-005 -6.487791828922551E-005
  4.918907355095908E-002 -6.330458979746360E-002 -0.275635181049313     
  6.310525183505493E-003 -4.964893461473309E-004  5.312684999066327E-003
  8.405949718554428E-004 -8.726882591201802E-004 -6.218414892053635E-003
  3.528488002995583E-003 -7.222046048551887E-003 -1.815952684175404E-002
 -6.052207742463770E-002  7.152627121562663E-002  0.294077450074231     
  6.125722042033796E-004  4.349491461819551E-004  8.199234082579782E-004
  4.082351112225476E-005 -6.540691051647788E-005 -1.969356984470160E-004
 -1.959980267928912E-002  3.335448878151858E-002 -2.988113257550048E-002
 -8.624195713233379E-002  8.644030731833818E-002 -7.136533011439039E-002
  1.096321971537380E-003 -5.669862529215076E-004 -9.145161642969179E-004
 -7.828460165358857E-003 -2.580311928891066E-004  1.675124580500033E-003
  1.548847947065561E-003  4.783922466023053E-004  6.125722042033825E-004
  0.111027856423785      -0.119450178495295       9.986773011463375E-002
 -2.806365407247982E-006  2.007594645095236E-006  5.551954851856184E-006
 -5.081572966034355E-003 -2.431803863925222E-003  2.814857251869967E-003
  0.126078696964771      -0.260477981064475       0.235842137304121     
 -1.426950052381648E-003  1.096616234699408E-003 -5.529592790148780E-004
  8.696970028609423E-004  1.340012665308504E-003 -1.289657994123457E-003
 -9.955339558460092E-004 -2.193784775057046E-004  4.349491461819612E-004
 -0.119450178495295       0.260698473075192      -0.237236808560291     
  5.841501927525751E-006 -5.938569289547279E-006 -1.251786874657990E-005
  8.719454427013851E-003 -4.337024217614518E-003  2.209262299059776E-003
 -0.111259549265453       0.243243805194740      -0.226045227188279     
  7.006024892047073E-004  4.190857298651085E-004 -3.044354185220331E-004
  7.716895246526182E-004 -1.156389091995513E-003  1.181664098711079E-003
  1.205705495441397E-003 -9.378086726773098E-004  8.199234082579611E-004
  9.986773011463378E-002 -0.237236808560291       0.222132312216370     
 -5.632785494664794E-006  5.139617969158202E-006  6.500584404556190E-006
  8.547424842815793E-006  9.851854673108036E-006  3.441134797484984E-005
  6.983648277439724E-006 -1.328988739796813E-005 -1.948008220451079E-005
 -1.199205803248450E-006  5.619004859823778E-006  3.139362080910989E-006
 -6.550458935480118E-007 -3.446042898867565E-006  5.320758660602599E-006
 -6.954611493433023E-006  1.486993038807858E-005  4.082351112225696E-005
 -2.806365407251165E-006  5.841501927556672E-006 -5.632785494676504E-006
 -3.915844522774280E-006 -1.944636155172850E-005 -5.858211213943596E-005
  1.120586887571013E-005  1.288110052942081E-005 -3.649437119099682E-005
 -1.702313886327345E-006  3.683045622668201E-006  5.127301082038016E-006
 -6.479365230370391E-006 -1.031162181113623E-005  5.508280617670818E-006
 -5.115208986435682E-007  2.997858030039853E-006 -1.087368934476278E-005
  1.492609804626237E-005 -2.655602538979474E-005 -6.540691051647320E-005
  2.007594645096117E-006 -5.938569289554403E-006  5.139617969165974E-006
 -1.944636155172811E-005  2.324421230835194E-005  9.699977138336259E-005
  3.239172148656999E-005 -3.723590955624056E-005 -8.158862163074682E-005
  1.465338391203175E-006  1.964681402776403E-005  1.292893316469614E-005
 -1.250054262228947E-005 -2.656553199007383E-005 -5.019644029710587E-006
 -9.451257670978502E-006  2.455064317099544E-005 -1.351478954100888E-005
  4.112489770306399E-005 -6.487791828922906E-005 -1.969356984470163E-004
  5.551954851862331E-006 -1.251786874659032E-005  6.500584404549307E-006
 -5.858211213943378E-005  9.699977138336086E-005  2.776292360792506E-004
 Masses in au
   21874.6618111745        29156.9463602902        1837.15258665392     
   1837.15258665392        1837.15258665392        1837.15258665392     
   1837.15258665392     
