 Coordinates, Gradient and Hessian of a Structure written by dl-find
           7           1           1
  0.000000000000000E+000
 Energy
  -116.109117452307     
 Coordinates
  -8.03501799567804        1.07337778398784       3.458388766890240E-003
  -5.36895835960841       0.885913497459622      -0.252529654252208     
  -8.99523819116422      -0.681125141743673      -0.509707847123985     
  -8.64614539413330        2.54933197595527       -1.28806320515859     
  -8.59389256216057        1.61451329730733        1.91595512473651     
  -4.78365955621735      -0.461515281860480       0.809119163253222     
  -9.17420872325796        3.09915739733691        5.94629366586677     
 Gradient
 -3.016506858569125E-004 -6.219587342944254E-004  6.231263370276912E-004
  3.546483266368773E-004  8.898576627722462E-004 -4.113111747569146E-004
 -4.944217147297872E-004  5.058329962610951E-004  4.931784792535966E-005
  7.226439160727204E-005 -2.797258727795652E-004  4.128974767019674E-004
 -3.998666259735293E-004  4.791033682711175E-004 -1.820342178772559E-004
  6.936054728575355E-004 -7.103931107726314E-004  2.382257086974102E-004
  7.542083545854370E-005 -2.627163094578345E-004 -7.302219777182595E-004
 Hessian
  0.475002970702019       9.355241138341434E-004  1.395662711161290E-002
 -0.240538573996288       3.079002220757865E-002  2.583221317405758E-003
 -9.224017875781079E-002 -9.317156334503124E-002 -2.758260853760006E-002
 -6.289524974733209E-002  5.373118616779617E-002 -4.906796728192061E-002
 -6.036497403604791E-002  1.364866611149976E-002  5.209911613607539E-002
 -1.901546533820062E-002 -6.036510108911006E-003  7.730131378581525E-003
  5.147117366021899E-005  1.026748532343186E-004  2.814798758441923E-004
  9.355241138341450E-004  0.591983725014555      -2.079981252135274E-002
 -6.144912829446584E-003 -8.006279644662195E-002  1.753699633693457E-002
 -8.804821309416207E-002 -0.245688973574918      -5.757351217242397E-002
  4.381623066446416E-002 -0.192784284079050       0.126296494439560     
  1.409897579895781E-002 -7.144271574437805E-002 -6.101303426711345E-002
  3.528041316525844E-002 -2.023726663140285E-003 -4.121584617352399E-003
  6.198218109331891E-005  1.877149355216787E-005 -3.255471982509675E-004
  1.395662711161290E-002 -2.079981252135276E-002  0.583285245452327     
  3.333243984172516E-002  1.222723131855914E-002 -7.544410478001004E-002
 -2.747488512981998E-002 -5.570288569355822E-002 -7.064908010042409E-002
 -3.973518329807125E-002  0.124478411995526      -0.162345816552002     
  4.719618955660639E-002 -6.184274042923040E-002 -0.275594783242688     
 -2.746272167648449E-002  1.975361940019121E-003  1.537581503727534E-003
  1.875335944277548E-004 -3.355666099678441E-004 -7.890422809259164E-004
 -0.240538573996288      -6.144912829446583E-003  3.333243984172516E-002
  0.410533687084946      -0.134758746604242       5.703994468545864E-002
 -3.422762163321347E-002  1.117381103083120E-003  2.163109280461011E-003
 -2.297680329198820E-002  3.624862815598868E-003  9.293909180658808E-004
 -2.723597903798570E-002  4.022439475037289E-003  6.376574931440797E-003
 -8.561436987697799E-002  0.132198368145054      -9.970343457642776E-002
  5.966075150718622E-005 -5.939210508290554E-005 -1.380250807243406E-004
  3.079002220757865E-002 -8.006279644662198E-002  1.222723131855914E-002
 -0.134758746604242       0.361154558918407      -0.249489674013961     
 -2.759907798393121E-002  1.127408348879220E-002  5.086635342990543E-003
  3.143256385398031E-002  1.919625773766546E-004 -3.732382677447169E-003
  1.075064377134767E-002  3.077186310242952E-003 -4.098054410800473E-004
  8.943261929602898E-002 -0.295657336129029       0.236219006636478     
 -4.802454076337519E-005  2.234128082983606E-005  9.898883446157745E-005
  2.583221317405776E-003  1.753699633693456E-002 -7.544410478001000E-002
  5.703994468545866E-002 -0.249489674013961       0.248365655208071     
 -6.503052695775290E-003  1.849603522812875E-003  4.609200513448526E-003
 -2.467079847065618E-002  8.335310793388311E-004  5.418265503848795E-003
  3.513956614948582E-002 -7.457194212220782E-004  5.930142491001623E-003
 -6.350414635994107E-002  0.229965233379558      -0.188993393953191     
 -8.473462597652174E-005  5.002911654104020E-005  1.142350168291375E-004
 -9.224017875781082E-002 -8.804821309416205E-002 -2.747488512981999E-002
 -3.422762163321350E-002 -2.759907798393120E-002 -6.503052695775282E-003
  0.114421761408290       0.104792547802301       2.942018663978162E-002
  5.321948051299577E-003  6.980362234676104E-003  2.857259548326432E-003
  5.375703233277047E-003  5.355178065533384E-003  1.028916676677136E-003
  1.357687436708028E-003 -1.458806571982878E-003  7.094663235894703E-004
 -9.299738550122065E-006 -2.199045243466204E-005 -3.789136277942325E-005
 -9.317156334503124E-002 -0.245688973574918      -5.570288569355819E-002
  1.117381103083116E-003  1.127408348879219E-002  1.849603522812877E-003
  0.104792547802301       0.258512266703865       6.211736448935065E-002
 -9.310208379632083E-003 -1.903165767158268E-002 -7.856210911429977E-003
 -2.821002929400976E-003 -6.301373554979561E-003 -7.900393354624853E-004
 -6.165010789898876E-004  1.266581026875690E-003  4.632388516897139E-004
  9.346827669720065E-006 -3.092641805309234E-005 -8.107092340255666E-005
 -2.758260853760004E-002 -5.757351217242399E-002 -7.064908010042412E-002
  2.163109280461017E-003  5.086635342990533E-003  4.609200513448513E-003
  2.942018663978162E-002  6.211736448935064E-002  6.628009787851452E-002
  9.255966786339357E-003  1.879564196559700E-002  6.617669308887240E-003
 -1.231078161366253E-002 -2.797519439781754E-002 -6.660002528934024E-003
 -9.515034128113754E-004 -4.848112701467387E-004 -2.108034276792306E-004
  5.630857491882368E-006  3.387604244996316E-005  1.291835618721925E-005
 -6.289524974733206E-002  4.381623066446413E-002 -3.973518329807127E-002
 -2.297680329198823E-002  3.143256385398032E-002 -2.467079847065619E-002
  5.321948051299570E-003 -9.310208379632080E-003  9.255966786339352E-003
  8.500102017821062E-002 -6.093624932782075E-002  5.116703009121801E-002
  3.431773964608476E-003 -5.490211742375584E-003  3.679988539761521E-003
 -7.876281443061347E-003  4.890770443265569E-004  3.347528134217171E-004
 -6.407711737009523E-006 -1.202112942562442E-006 -3.175646201321343E-005
  5.373118616779616E-002 -0.192784284079050       0.124478411995526     
  3.624862815598860E-003  1.919625773766734E-004  8.335310793388539E-004
  6.980362234676091E-003 -1.903165767158263E-002  1.879564196559699E-002
 -6.093624932782073E-002  0.202445449828746      -0.136275195599627     
 -3.133128138979445E-003  7.597839097976688E-003 -6.921713108655232E-003
 -2.604044792282780E-004  1.566528819256641E-003 -1.004981270773159E-003
 -6.629272042722649E-006  1.416142727693860E-005  9.430493859365429E-005
 -4.906796728192062E-002  0.126296494439560      -0.162345816552001     
  9.293909180658873E-004 -3.732382677447175E-003  5.418265503848795E-003
  2.857259548326432E-003 -7.856210911429969E-003  6.617669308887258E-003
  5.116703009121802E-002 -0.136275195599627       0.167675100729393     
 -7.501273246193879E-003  2.291236927082359E-002 -1.839953089301848E-002
  1.608186564721399E-003 -1.316775143797740E-003  1.037045745186529E-003
  7.373405782498919E-006 -2.829937808164166E-005 -2.733842295306120E-006
 -6.036497403604789E-002  1.409897579895782E-002  4.719618955660641E-002
 -2.723597903798568E-002  1.075064377134768E-002  3.513956614948581E-002
  5.375703233277043E-003 -2.821002929400979E-003 -1.231078161366253E-002
  3.431773964608480E-003 -3.133128138979441E-003 -7.501273246193882E-003
  7.742636821689411E-002 -1.801944871274612E-002 -6.383002776086003E-002
  1.290326328073079E-003 -9.157532484220000E-004  1.198598703428322E-003
  7.678133118003462E-005  3.971345924197061E-005  1.077282111970818E-004
  1.364866611149976E-002 -7.144271574437804E-002 -6.184274042923042E-002
  4.022439475037292E-003  3.077186310242942E-003 -7.457194212220784E-004
  5.355178065533384E-003 -6.301373554979544E-003 -2.797519439781754E-002
 -5.490211742375586E-003  7.597839097976699E-003  2.291236927082358E-002
 -1.801944871274612E-002  6.740862969490224E-002  6.894479836028351E-002
  4.444318361272130E-004 -3.034764594812533E-004 -9.961420184959994E-004
  3.894496692493245E-005 -3.608934428190413E-005 -2.973713643423385E-004
  5.209911613607538E-002 -6.101303426711342E-002 -0.275594783242688     
  6.376574931440802E-003 -4.098054410800531E-004  5.930142491001615E-003
  1.028916676677139E-003 -7.900393354624816E-004 -6.660002528934037E-003
  3.679988539761519E-003 -6.921713108655240E-003 -1.839953089301850E-002
 -6.383002776086003E-002  6.894479836028351E-002  0.294816765475747     
  5.387289750659961E-004  4.853696483901713E-004  6.584407350998373E-004
  1.067025018429147E-004 -2.955758563576267E-004 -7.510320372137948E-004
 -1.901546533820060E-002  3.528041316525847E-002 -2.746272167648450E-002
 -8.561436987697803E-002  8.943261929602896E-002 -6.350414635994105E-002
  1.357687436708028E-003 -6.165010789899130E-004 -9.515034128113784E-004
 -7.876281443061356E-003 -2.604044792282819E-004  1.608186564721407E-003
  1.290326328073093E-003  4.444318361272187E-004  5.387289750659954E-004
  0.109868102640966      -0.124294150562989       8.974306124793012E-002
 -9.999747507948508E-006  1.359182379122474E-005  2.839466151979879E-005
 -6.036510108911010E-003 -2.023726663140269E-003  1.975361940019118E-003
  0.132198368145054      -0.295657336129029       0.229965233379558     
 -1.458806571982871E-003  1.266581026875692E-003 -4.848112701467544E-004
  4.890770443265695E-004  1.566528819256627E-003 -1.316775143797747E-003
 -9.157532484219799E-004 -3.034764594812611E-004  4.853696483901914E-004
 -0.124294150562989       0.295176955403486      -0.230571169533626     
  1.777530292553034E-005 -2.552599796488206E-005 -5.320902039823543E-005
  7.730131378581515E-003 -4.121584617352392E-003  1.537581503727574E-003
 -9.970343457642779E-002  0.236219006636478      -0.188993393953190     
  7.094663235894720E-004  4.632388516897118E-004 -2.108034276792221E-004
  3.347528134217321E-004 -1.004981270773169E-003  1.037045745186512E-003
  1.198598703428329E-003 -9.961420184960098E-004  6.584407350998332E-004
  8.974306124793011E-002 -0.230571169533626       0.185959356549529     
 -1.257589052444935E-005  1.163195207729518E-005  1.177284732787342E-005
  5.147117366021861E-005  6.198218109330522E-005  1.875335944277733E-004
  5.966075150718959E-005 -4.802454076335791E-005 -8.473462597651018E-005
 -9.299738550127303E-006  9.346827669720814E-006  5.630857491880255E-006
 -6.407711737014074E-006 -6.629272042733130E-006  7.373405782502158E-006
  7.678133118003357E-005  3.894496692492892E-005  1.067025018429221E-004
 -9.999747507952413E-006  1.777530292552349E-005 -1.257589052445512E-005
 -1.622060585523450E-004 -7.339546580738214E-005 -2.099298430441162E-004
  1.026748532343130E-004  1.877149355214866E-005 -3.355666099678346E-004
 -5.939210508290765E-005  2.234128082984576E-005  5.002911654104867E-005
 -2.199045243466458E-005 -3.092641805308797E-005  3.387604244996113E-005
 -1.202112942564615E-006  1.416142727693155E-005 -2.829937808164223E-005
  3.971345924197460E-005 -3.608934428191029E-005 -2.955758563576291E-004
  1.359182379122725E-005 -2.552599796488665E-005  1.163195207729215E-005
 -7.339546580738390E-005  3.726755864094557E-005  5.639047333388139E-004
  2.814798758441935E-004 -3.255471982509782E-004 -7.890422809258809E-004
 -1.380250807243325E-004  9.898883446158250E-005  1.142350168291216E-004
 -3.789136277942205E-005 -8.107092340254500E-005  1.291835618722088E-005
 -3.175646201320624E-005  9.430493859365843E-005 -2.733842295308039E-006
  1.077282111970735E-004 -2.973713643423294E-004 -7.510320372137767E-004
  2.839466151980262E-005 -5.320902039823806E-005  1.177284732787511E-005
 -2.099298430441228E-004  5.639047333388146E-004  1.403881940090773E-003
 Masses in au
   21874.6618111745        29156.9463602902        1837.15258665392     
   1837.15258665392        1837.15258665392        1837.15258665392     
   1837.15258665392     
