 Coordinates, Gradient and Hessian of a Structure written by dl-find
           7           1           1
  0.000000000000000E+000
 Energy
  -116.109205315481     
 Coordinates
  -8.03809144712358       0.968257202986086      -0.214165935310952     
  -5.35388419898625       0.910496195734562      -0.217464642174776     
  -8.84780965372913      -0.756924534861734       -1.01468344073721     
  -8.60117349002241        2.55601026998411       -1.39153670040043     
  -8.80158599467634        1.26040837824678        1.68217439357632     
  -4.82706034158019      -0.614421947920418       0.616840798049711     
  -9.31815827390552        4.53679832606500        9.01551023394703     
 Gradient
  3.554396054514608E-004 -9.367564177533698E-005  8.960089004647737E-004
 -1.643504258872475E-004  3.091051756692469E-003 -1.133316047063782E-003
 -2.188442632288930E-004 -5.545668761448032E-004 -3.194601420106062E-004
 -2.101790040989483E-004 -1.105174651333639E-004  6.067629204634669E-005
 -1.752874936536422E-004  4.880002150935076E-004 -4.394300190207010E-004
  4.167982926324344E-004 -2.831419179791391E-003  9.092887375139987E-004
 -3.576711215165171E-006  1.112719105885516E-005  2.623227806999343E-005
 Hessian
  0.473475824214037      -5.783678691959336E-003  2.928121161217931E-003
 -0.243485771400112       2.464601495977238E-002 -9.619866833856388E-003
 -7.816755552201810E-002 -7.468416626891557E-002 -3.367102715308113E-002
 -5.988013213777105E-002  5.297383937039078E-002 -3.974456402525227E-002
 -7.313434453936343E-002  1.097129448845504E-002  7.608034255270307E-002
 -1.880621227772404E-002 -8.125729158544462E-003  4.023731490580760E-003
 -1.808337048213065E-006  2.425300803381433E-006  3.262807685918751E-006
 -5.783678691959334E-003  0.597145070674810      -1.854043189691002E-002
 -1.901053119039389E-002 -8.537427422343689E-002  1.317706939281587E-002
 -6.881950099187048E-002 -0.236066829932127      -8.444313711288788E-002
  4.198506402179209E-002 -0.215537222396415       0.122072379586682     
  1.165597375822038E-002 -5.958399081043090E-002 -3.261080668817400E-002
  3.997850646170334E-002 -5.869070803904444E-004  3.407568966890548E-004
 -5.833367492280687E-006  4.153767989467438E-006  4.169821785427251E-006
  2.928121161217921E-003 -1.854043189691007E-002  0.578380425304698     
  1.271200877588675E-002  1.369359056069994E-002 -6.741418300977030E-002
 -3.299747168308456E-002 -8.314605523791746E-002 -9.295506506764432E-002
 -3.190489541358369E-002  0.121553217506000      -0.142198038522983     
  7.154458508150878E-002 -3.367099708407298E-002 -0.274920302532112     
 -2.228075459021540E-002  1.096682486878187E-004 -8.886495025841726E-004
 -1.593331731199121E-006  1.007903504331470E-006 -4.186669595492073E-006
 -0.243485771400112      -1.901053119039390E-002  1.271200877588674E-002
  0.406327268300724      -0.116878458415132       5.770652904729765E-002
 -3.229707828434006E-002 -6.669456489432603E-004 -1.853511783686609E-003
 -2.183747051631001E-002  2.716487720252004E-003 -1.111724801725944E-003
 -3.158554757057992E-002  1.945640316438761E-003  3.286184075015791E-003
 -7.712165882246938E-002  0.131893942086777      -7.073873825315187E-002
  2.582930873786450E-007 -1.348689963511477E-007 -7.470596368030668E-007
  2.464601495977238E-002 -8.537427422343689E-002  1.369359056069995E-002
 -0.116878458415132       0.444572998125393      -0.217030416922212     
 -2.901211131103841E-002  8.886642530967853E-003  2.863948979419935E-003
  3.381853088856421E-002  1.762685116904318E-003 -1.059538990674243E-003
  5.533760740937076E-003  3.826711353702648E-003  1.270701445017848E-004
  8.189317670849633E-002 -0.373674144248546       0.201402311242480     
 -9.135716000124085E-007 -6.186549910598374E-007  3.034985786990919E-006
 -9.619866833856379E-003  1.317706939281592E-002 -6.741418300977013E-002
  5.770652904729767E-002 -0.217030416922212       0.163751283237712     
 -1.376593819695973E-002  2.008125399450588E-003  4.123020359904589E-003
 -2.246969700286391E-002 -4.955841161404202E-004  3.207502704856765E-003
  3.212262300194185E-002  5.323075084001966E-004  1.007223433376392E-002
 -4.397119367427994E-002  0.201809226095906      -0.113742475050874     
 -2.456341279192217E-006 -7.273582163791643E-007  2.617424405586301E-006
 -7.816755552201810E-002 -6.881950099187047E-002 -3.299747168308458E-002
 -3.229707828434007E-002 -2.901211131103839E-002 -1.376593819695975E-002
  9.851515566569108E-002  8.512004290415193E-002  3.901564144625569E-002
  4.256137278575737E-003  6.033563631664110E-003  3.792755449583022E-003
  5.979708697317847E-003  8.302504518676038E-003  3.199781021064998E-003
  1.715309019630962E-003 -1.625101628415860E-003  7.544848376338580E-004
 -1.676854857510798E-006  6.028768327389385E-007  7.471255066708053E-007
 -7.468416626891557E-002 -0.236066829932127      -8.314605523791750E-002
 -6.669456489432569E-004  8.886642530967858E-003  2.008125399450571E-003
  8.512004290415193E-002  0.248444881525717       9.260269899093447E-002
 -8.196993474523311E-003 -1.987532846488086E-002 -1.159704480636980E-002
 -9.681466200425736E-004 -2.822047093961499E-003 -4.538112516301319E-004
 -6.043309512816443E-004  1.433312235883669E-003  5.888580744813327E-004
  5.400595543925457E-007 -6.308015991012426E-007 -2.771168948929275E-006
 -3.367102715308112E-002 -8.444313711288788E-002 -9.295506506764432E-002
 -1.853511783686621E-003  2.863948979419944E-003  4.123020359904591E-003
  3.901564144625569E-002  9.260269899093447E-002  9.088735496130290E-002
  7.238567742898301E-003  1.665283789409414E-002  8.663068091974875E-003
 -9.852398458001390E-003 -2.725924402403725E-002 -1.067682867963292E-002
 -8.756384035788047E-004 -4.190128984388659E-004 -4.349367584066744E-005
 -1.633390806122199E-006  1.908170915129107E-006  1.944009935871764E-006
 -5.988013213777104E-002  4.198506402179211E-002 -3.190489541358372E-002
 -2.183747051631004E-002  3.381853088856424E-002 -2.246969700286387E-002
  4.256137278575746E-003 -8.196993474523311E-003  7.238567742898296E-003
  8.124734254391693E-002 -5.919283534155755E-002  4.299889890438549E-002
  4.178999912467816E-003 -8.335118931089312E-003  5.196551027961836E-003
 -7.964801725904176E-003 -7.821623697492220E-005 -1.057712358000787E-003
 -7.535497522632370E-008 -4.309262110726883E-007 -1.712900797428091E-006
  5.297383937039079E-002 -0.215537222396415       0.121553217506000     
  2.716487720252008E-003  1.762685116904318E-003 -4.955841161404023E-004
  6.033563631664100E-003 -1.987532846488084E-002  1.665283789409413E-002
 -5.919283534155754E-002  0.226587349296454      -0.132851844568693     
 -1.866108721745586E-003  5.074890943431775E-003 -4.121772126521307E-003
 -6.647799228892137E-004  1.987902814983630E-003 -7.395296749763042E-004
 -1.667361145771601E-007 -2.773104776771937E-007  2.675086236775313E-006
 -3.974456402525226E-002  0.122072379586682      -0.142198038522983     
 -1.111724801725952E-003 -1.059538990674248E-003  3.207502704856754E-003
  3.792755449583023E-003 -1.159704480636980E-002  8.663068091974873E-003
  4.299889890438550E-002 -0.132851844568693       0.146363731899476     
 -6.707311975895381E-003  2.465616042205755E-002 -1.669737385572482E-002
  7.726536449392582E-004 -1.220614297622461E-003  6.602519131908064E-004
 -7.071960342893932E-007  5.026546185208468E-007  8.577692098344310E-007
 -7.313434453936341E-002  1.165597375822038E-002  7.154458508150881E-002
 -3.158554757057992E-002  5.533760740937057E-003  3.212262300194185E-002
  5.979708697317852E-003 -9.681466200425718E-004 -9.852398458001392E-003
  4.178999912467811E-003 -1.866108721745591E-003 -6.707311975895382E-003
  9.382921827646254E-002 -1.341276807541254E-002 -8.833327418749659E-002
  7.315838072552460E-004 -9.404593153828328E-004  1.231482383571395E-003
  3.814164394490813E-007 -2.251766576680367E-006 -5.705845626134720E-006
  1.097129448845503E-002 -5.958399081043086E-002 -3.367099708407298E-002
  1.945640316438748E-003  3.826711353702620E-003  5.323075084001671E-004
  8.302504518676042E-003 -2.822047093961476E-003 -2.725924402403725E-002
 -8.335118931089317E-003  5.074890943431754E-003  2.465616042205756E-002
 -1.341276807541255E-002  5.386483920716619E-002  3.677524734446875E-002
  5.244888320262824E-004 -3.594907702941074E-004 -1.038463419537404E-003
  3.958850905948743E-006 -9.128296129795791E-007  4.989252720080911E-006
  7.608034255270302E-002 -3.261080668817400E-002 -0.274920302532112     
  3.286184075015791E-003  1.270701445018004E-004  1.007223433376395E-002
  3.199781021064996E-003 -4.538112516301358E-004 -1.067682867963292E-002
  5.196551027961817E-003 -4.121772126521317E-003 -1.669737385572480E-002
 -8.833327418749659E-002  3.677524734446876E-002  0.291671197927865     
  5.710520378458372E-004  2.757636489266048E-004  5.353376958290555E-004
 -6.365270933910096E-007  8.308928437394227E-006  1.573511000407026E-005
 -1.880621227772403E-002  3.997850646170335E-002 -2.228075459021540E-002
 -7.712165882246942E-002  8.189317670849633E-002 -4.397119367427992E-002
  1.715309019630965E-003 -6.043309512816478E-004 -8.756384035788032E-004
 -7.964801725904195E-003 -6.647799228892125E-004  7.726536449392484E-004
  7.315838072552653E-004  5.244888320262791E-004  5.710520378458382E-004
  0.101444503591758      -0.121125543515889       6.578560653778127E-002
  1.276407452867102E-006 -1.517612168072783E-006 -1.725552491382178E-006
 -8.125729158544455E-003 -5.869070803904400E-004  1.096682486878009E-004
  0.131893942086777      -0.373674144248546       0.201809226095906     
 -1.625101628415862E-003  1.433312235883678E-003 -4.190128984388608E-004
 -7.821623697493985E-005  1.987902814983649E-003 -1.220614297622464E-003
 -9.404593153828227E-004 -3.594907702941227E-004  2.757636489266059E-004
 -0.121125543515889       0.371199519627908      -0.200554421366596     
  1.107768430485921E-006 -1.925795375472736E-007 -6.094308657349928E-007
  4.023731490580762E-003  3.407568966890478E-004 -8.886495025841471E-004
 -7.073873825315184E-002  0.201402311242480      -0.113742475050874     
  7.544848376338600E-004  5.888580744813392E-004 -4.349367584065864E-005
 -1.057712358000779E-003 -7.395296749762912E-004  6.602519131908069E-004
  1.231482383571393E-003 -1.038463419537397E-003  5.353376958290359E-004
  6.578560653778127E-002 -0.200554421366596       0.113473521756916     
  1.145361585004892E-006  4.882474556141985E-007  5.506863364375517E-006
 -1.808337048209761E-006 -5.833367492277807E-006 -1.593331731194694E-006
  2.582930873820696E-007 -9.135716000074358E-007 -2.456341279188633E-006
 -1.676854857515035E-006  5.400595543939931E-007 -1.633390806121028E-006
 -7.535497522584854E-008 -1.667361145826766E-007 -7.071960342895346E-007
  3.814164394456679E-007  3.958850905952096E-006 -6.365270933815245E-007
  1.276407452864420E-006  1.107768430477437E-006  1.145361585020264E-006
  1.644429901258488E-006  1.306996316044209E-006  5.881425359155230E-006
  2.425300803385397E-006  4.153767989476397E-006  1.007903504329078E-006
 -1.348689963452187E-007 -6.186549910581312E-007 -7.273582163755797E-007
  6.028768327369290E-007 -6.308015990969005E-007  1.908170915129360E-006
 -4.309262110664011E-007 -2.773104776806572E-007  5.026546185168511E-007
 -2.251766576683360E-006 -9.128296129832224E-007  8.308928437396631E-006
 -1.517612168071434E-006 -1.925795375434761E-007  4.882474556123614E-007
  1.306996316044078E-006 -1.521591771113419E-006 -1.148854671460902E-005
  3.262807685922196E-006  4.169821785421860E-006 -4.186669595483929E-006
 -7.470596367960396E-007  3.034985786990479E-006  2.617424405579117E-006
  7.471255066664837E-007 -2.771168948925430E-006  1.944009935863199E-006
 -1.712900797422407E-006  2.675086236768270E-006  8.577692098232692E-007
 -5.705845626138978E-006  4.989252720093258E-006  1.573511000409583E-005
 -1.725552491380280E-006 -6.094308657344030E-007  5.506863364367251E-006
  5.881425359148922E-006 -1.148854671461282E-005 -2.247450732424528E-005
 Masses in au
   21874.6618111745        29156.9463602902        1837.15258665392     
   1837.15258665392        1837.15258665392        1837.15258665392     
   1837.15258665392     
