 Coordinates, Gradient and Hessian of a Structure written by dl-find
           7           1           1
  0.000000000000000E+000
 Energy
  -116.107991693361     
 Coordinates
  -8.01047346988171        1.09710897142820       3.875678208726580E-002
  -5.38794368750603       0.880887202480017      -0.256423625015038     
  -8.99239415253564      -0.669310948588739      -0.364952139081766     
  -8.65439575177352        2.50986522356052       -1.29541877722364     
  -8.53803583246787        1.72162829582976        1.92865295407930     
  -4.78649244545861      -0.453393614606045       0.788861293420391     
  -9.21276065897490        2.80878124233125        5.45795843833442     
 Gradient
  8.923483384281517E-003  6.778561457272061E-004 -2.611406627039847E-004
 -9.410193442996526E-003 -4.001709786510018E-003  5.373015097872837E-003
  9.782905782120741E-004  1.958442566749448E-003  7.546583280396837E-004
  8.287590736814226E-004 -2.200290040544081E-003  2.470832646355089E-003
  5.655610652116321E-005 -3.775343313462878E-004 -2.065879125597937E-003
 -1.739318827051084E-003  4.602633609155032E-003 -4.144699724787906E-003
  3.624231273514505E-004 -6.593981632313195E-004 -2.126786559177748E-003
 Hessian
  0.513696219673985      -4.296730761121068E-003  1.295785836538307E-002
 -0.274572174892095       3.679670177248487E-002  8.921976146801153E-003
 -9.502498931611719E-002 -9.752323192936083E-002 -2.316119441012729E-002
 -6.566586716310829E-002  5.591935633949610E-002 -5.553154470132667E-002
 -5.835127600890287E-002  1.471863639444192E-002  4.725526267544021E-002
 -2.010487290163792E-002 -6.030593402159051E-003  8.262049983472705E-003
  2.296060787693177E-005  4.158615862155565E-004  1.295591940357868E-003
 -4.296730761121064E-003  0.594547146502835      -2.413251785102281E-002
 -1.378930330428440E-003 -7.965528411085109E-002  1.794808848690034E-002
 -9.168499377921041E-002 -0.251475723723527      -4.713999644833163E-002
  4.605983346127618E-002 -0.184359181892934       0.129868976462461     
  1.488547583104831E-002 -7.678904032701100E-002 -7.062982113879823E-002
  3.618569411239362E-002 -2.293353584663506E-003 -4.883514446719745E-003
  2.296514660395927E-004  2.543713615437872E-005 -1.031215064490196E-003
  1.295785836538308E-002 -2.413251785102281E-002  0.586038947835022     
  3.992868565010668E-002  1.183544537543853E-002 -7.521014917827731E-002
 -2.287465614328766E-002 -4.502458521719296E-002 -6.397253520768763E-002
 -4.527982081200089E-002  0.127528330053585      -0.173502929456839     
  4.257798723168937E-002 -7.136981362894039E-002 -0.272204755722545     
 -2.806285387009498E-002  2.216218099649518E-003  1.806782335635927E-003
  7.527995781955441E-004 -1.053076831502573E-003 -2.955360605315491E-003
 -0.274572174892094      -1.378930330428437E-003  3.992868565010670E-002
  0.451049219214771      -0.153597776949622       5.577736531321190E-002
 -3.616922685295831E-002  1.130892520545146E-003  3.054229841688079E-003
 -2.405057909856340E-002  4.266369248965019E-003  1.419619277563034E-003
 -2.739496091406985E-002  5.007866575846858E-003  8.340154603388036E-003
 -8.907351475073481E-002  0.144790136826464      -0.107924941611024     
  2.112372936514172E-004 -2.185578917713882E-004 -5.951130749329218E-004
  3.679670177248488E-002 -7.965528411085100E-002  1.183544537543852E-002
 -0.153597776949622       0.372885060711787      -0.260708593424655     
 -2.885910864249744E-002  1.198018596353061E-002  5.477666315541404E-003
  3.158306329329350E-002 -2.217965432258916E-004 -4.379778012008437E-003
  1.321088590413622E-002  3.164463773686868E-003 -9.385468309384370E-004
  0.100983968441339      -0.308212097185188       0.248456450665038     
 -1.177338191367445E-004  5.946739026233680E-005  2.573559115810774E-004
  8.921976146801147E-003  1.794808848690037E-002 -7.521014917827742E-002
  5.577736531321186E-002 -0.260708593424655       0.252275674386552     
 -4.801052572667233E-003  1.473974213123962E-003  4.573768794230216E-003
 -2.571273019417913E-002  1.028832958134195E-003  6.500068228118216E-003
  3.669182916262684E-002 -1.056567884842713E-003  5.193414979910330E-003
 -7.066807331617456E-002  0.241200853445052      -0.193629394259829     
 -2.093145396165444E-004  1.134122062855135E-004  2.966170492974001E-004
 -9.502498931611719E-002 -9.168499377921048E-002 -2.287465614328765E-002
 -3.616922685295831E-002 -2.885910864249742E-002 -4.801052572667255E-003
  0.118963797080266       0.109872581897878       2.373680223123106E-002
  5.596021270307751E-003  7.541643582971405E-003  2.573648829788828E-003
  5.102186233418578E-003  4.664006488127778E-003  5.898300608208490E-004
  1.544447325688281E-003 -1.481824989305356E-003  8.953410820412784E-004
 -1.223574060468344E-005 -5.230455796446068E-005 -1.199134879271096E-004
 -9.752323192936078E-002 -0.251475723723527      -4.502458521719295E-002
  1.130892520545178E-003  1.198018596353062E-002  1.473974213123955E-003
  0.109872581897879       0.264643712801939       5.066287244394067E-002
 -9.221560002739557E-003 -1.856676366897376E-002 -6.609716595921595E-003
 -3.605368707923026E-003 -7.993870377348961E-003 -8.076050907126211E-004
 -6.792021192720891E-004  1.454203578803706E-003  4.509015354296376E-004
  2.588834087175594E-005 -4.174457442403701E-005 -1.458412886671098E-004
 -2.316119441012728E-002 -4.713999644833166E-002 -6.397253520768761E-002
  3.054229841688104E-003  5.477666315541401E-003  4.573768794230210E-003
  2.373680223123105E-002  5.066287244394066E-002  5.909239304176070E-002
  9.973534674390237E-003  1.986860239897111E-002  5.794062646746303E-003
 -1.259628545307411E-002 -2.852978758522728E-002 -5.595398672983304E-003
 -9.869343611433939E-004 -4.866563578983611E-004 -1.197274153314024E-004
 -2.015252296479986E-005  1.472992330044569E-004  2.274368132649905E-004
 -6.566586716310831E-002  4.605983346127621E-002 -4.527982081200087E-002
 -2.405057909856341E-002  3.158306329329348E-002 -2.571273019417917E-002
  5.596021270307750E-003 -9.221560002739559E-003  9.973534674390229E-003
  8.860093446086158E-002 -6.398671852980059E-002  5.749930172432848E-002
  3.344710800545372E-003 -4.813754774427654E-003  3.438385483988099E-003
 -7.813006805828670E-003  3.842130975692659E-004  1.619742248620920E-004
 -1.221346421423249E-005 -5.076545171309495E-006 -8.064510138877231E-005
  5.591935633949609E-002 -0.184359181892934       0.127528330053585     
  4.266369248965000E-003 -2.217965432258956E-004  1.028832958134185E-003
  7.541643582971406E-003 -1.856676366897377E-002  1.986860239897112E-002
 -6.398671852980060E-002  0.193227822678701      -0.139526258614400     
 -3.551836749382642E-003  8.227665501268763E-003 -8.212070830569292E-003
 -1.614041425538788E-004  1.654114047982190E-003 -9.281783491622544E-004
 -2.740974969562952E-005  3.813987718179807E-005  2.407423834401515E-004
 -5.553154470132667E-002  0.129868976462461      -0.173502929456839     
  1.419619277563035E-003 -4.379778012008433E-003  6.500068228118222E-003
  2.573648829788827E-003 -6.609716595921590E-003  5.794062646746306E-003
  5.749930172432848E-002 -0.139526258614400       0.179623047006532     
 -7.805721112780779E-003  2.210334608024796E-002 -1.954737658602419E-002
  1.838594568736044E-003 -1.417500140726611E-003  1.055655594004006E-003
  6.101413690361415E-006 -3.906917965120045E-005  7.747256746232834E-005
 -5.835127600890288E-002  1.488547583104833E-002  4.257798723168937E-002
 -2.739496091406986E-002  1.321088590413619E-002  3.669182916262685E-002
  5.102186233418578E-003 -3.605368707923028E-003 -1.259628545307410E-002
  3.344710800545363E-003 -3.551836749382639E-003 -7.805721112780778E-003
  7.583359165852688E-002 -2.004200455655172E-002 -6.024942768341844E-002
  1.196488103988286E-003 -9.367766870569451E-004  1.256122220709498E-003
  2.692601264916090E-004  3.962496573313169E-005  1.254956342461144E-004
  1.471863639444191E-002 -7.678904032701095E-002 -7.136981362894040E-002
  5.007866575846850E-003  3.164463773686856E-003 -1.056567884842715E-003
  4.664006488127776E-003 -7.993870377348963E-003 -2.852978758522730E-002
 -4.813754774427659E-003  8.227665501268744E-003  2.210334608024795E-002
 -2.004200455655173E-002  7.354956802252284E-002  8.021556185334887E-002
  4.098650580056768E-004 -3.077158232571017E-004 -1.025342350774360E-003
  5.538481455983030E-005  1.489292301341415E-004 -3.373964838100862E-004
  4.725526267544018E-002 -7.062982113879823E-002 -0.272204755722545     
  8.340154603388043E-003 -9.385468309384409E-004  5.193414979910282E-003
  5.898300608208414E-004 -8.076050907126200E-004 -5.595398672983310E-003
  3.438385483988107E-003 -8.212070830569297E-003 -1.954737658602420E-002
 -6.024942768341845E-002  8.021556185334888E-002  0.292452935717583     
  4.353651536552821E-004  7.191916102224726E-004  5.624021273861462E-004
  1.904297061355330E-004 -3.467095725688903E-004 -8.612218433191426E-004
 -2.010487290163791E-002  3.618569411239359E-002 -2.806285387009496E-002
 -8.907351475073484E-002  0.100983968441339      -7.066807331617454E-002
  1.544447325688295E-003 -6.792021192721006E-004 -9.869343611433839E-004
 -7.813006805828670E-003 -1.614041425538715E-004  1.838594568736034E-003
  1.196488103988305E-003  4.098650580056666E-004  4.353651536552747E-004
  0.114276730192678      -0.136769994055702       9.737444405126219E-002
 -2.627116415385761E-005  3.107270579088116E-005  6.945777375842227E-005
 -6.030593402159049E-003 -2.293353584663541E-003  2.216218099649512E-003
  0.144790136826464      -0.308212097185188       0.241200853445052     
 -1.481824989305346E-003  1.454203578803698E-003 -4.866563578983770E-004
  3.842130975692912E-004  1.654114047982179E-003 -1.417500140726591E-003
 -9.367766870569776E-004 -3.077158232570917E-004  7.191916102224819E-004
 -0.136769994055702       0.307763508066284      -0.242093999769732     
  4.483921019360177E-005 -5.865909996332704E-005 -1.381068865637855E-004
  8.262049983472700E-003 -4.883514446719733E-003  1.806782335635966E-003
 -0.107924941611024       0.248456450665038      -0.193629394259829     
  8.953410820412774E-004  4.509015354296412E-004 -1.197274153313897E-004
  1.619742248620900E-004 -9.281783491622556E-004  1.055655594004005E-003
  1.256122220709499E-003 -1.025342350774364E-003  5.624021273861198E-004
  9.737444405126219E-002 -0.242093999769733       0.190296236584931     
 -2.498995132640276E-005  2.368271592250636E-005  2.804503320143560E-005
  2.296060787693326E-005  2.296514660396208E-004  7.527995781955271E-004
  2.112372936513985E-004 -1.177338191367572E-004 -2.093145396165378E-004
 -1.223574060468034E-005  2.588834087176249E-005 -2.015252296479535E-005
 -1.221346421422934E-005 -2.740974969562946E-005  6.101413690354656E-006
  2.692601264916148E-004  5.538481455981897E-005  1.904297061355397E-004
 -2.627116415386310E-005  4.483921019358711E-005 -2.498995132640187E-005
 -4.527376590471518E-004 -2.106202628324470E-004 -6.948736841136677E-004
  4.158615862155568E-004  2.543713615441626E-005 -1.053076831502556E-003
 -2.185578917713815E-004  5.946739026233852E-005  1.134122062855074E-004
 -5.230455796446225E-005 -4.174457442403118E-005  1.472992330044588E-004
 -5.076545171308345E-006  3.813987718178528E-005 -3.906917965121205E-005
  3.962496573312810E-005  1.489292301341380E-004 -3.467095725688837E-004
  3.107270579088510E-005 -5.865909996333079E-005  2.368271592250958E-005
 -2.106202628324490E-004 -1.715699593452440E-004  1.154461428510145E-003
  1.295591940357866E-003 -1.031215064490198E-003 -2.955360605315514E-003
 -5.951130749329272E-004  2.573559115810844E-004  2.966170492973814E-004
 -1.199134879271131E-004 -1.458412886671108E-004  2.274368132650000E-004
 -8.064510138876942E-005  2.407423834401599E-004  7.747256746233814E-005
  1.254956342461051E-004 -3.373964838100825E-004 -8.612218433191639E-004
  6.945777375842686E-005 -1.381068865637963E-004  2.804503320144194E-005
 -6.948736841136652E-004  1.154461428510145E-003  3.187010985408431E-003
 Masses in au
   21874.6618111745        29156.9463602902        1837.15258665392     
   1837.15258665392        1837.15258665392        1837.15258665392     
   1837.15258665392     
