 Coordinates, Gradient and Hessian of a Structure written by dl-find
           7           1           1
  0.000000000000000E+000
 Energy
  -116.108743524826     
 Coordinates
  -8.02856646884882       0.982957953619532      -0.203923238849394     
  -5.34597134652814       0.876284584218371      -0.271752142846101     
  -8.87771382228852      -0.696268277389046       -1.05105028551313     
  -8.60717072656173        2.63859699435951       -1.26471412044959     
  -8.73346361612879        1.16205226280973        1.73750748001057     
  -4.79248571357194      -0.278868853460881        1.04847005272678     
  -9.62394760649678        4.52428191048191        9.17771227649211     
 Gradient
  2.752712482141901E-004  2.743300695028143E-003 -6.099144264187399E-003
 -4.466440008933661E-003  7.890175511152250E-003 -1.068850382229269E-002
  3.199272371451325E-004  2.490263052195553E-004  1.108864227838753E-003
 -5.158321399419170E-005 -1.230196458383574E-003  1.505372313683633E-003
 -4.028895440837148E-004 -9.950271906487233E-004  2.684393103363015E-003
  4.329714236013141E-003 -8.667229262131790E-003  1.146579807513092E-002
 -3.999954361003401E-006  9.950399764081885E-006  2.322036646378537E-005
 Hessian
  0.472563372792066      -2.355196346187840E-003  1.424271783598368E-002
 -0.243197742751455       2.009514080646795E-002 -1.456013098436654E-002
 -7.951738192663330E-002 -7.703468717509489E-002 -3.918440073059165E-002
 -6.106643382765577E-002  5.860655736318833E-002 -3.783695380509391E-002
 -7.009109763428634E-002  5.324442264575228E-003  6.879671271001231E-002
 -1.869026185620626E-002 -4.636682546508896E-003  8.540185562857669E-003
 -4.547958285741296E-007  4.256335603891195E-007  1.869411197936159E-006
 -2.355196346187840E-003  0.596958965463092      -2.716487079129882E-002
 -9.806287998444676E-003 -7.253969207644065E-002  1.840549975809046E-002
 -7.298542345147552E-002 -0.229722786140222      -8.826052483789998E-002
  4.831152088922166E-002 -0.235160582773405       0.118265353226825     
  6.746450850166654E-003 -5.664239378287576E-002 -1.900175303996115E-002
  3.008901864356190E-002 -2.892297005418574E-003 -2.243695871606072E-003
 -8.258684231378233E-008 -1.213684730503430E-006 -8.444149210333169E-009
  1.424271783598369E-002 -2.716487079129879E-002  0.579500359556892     
  2.472874049732627E-002  1.412316506423648E-002 -7.874481099089006E-002
 -3.792660137422119E-002 -8.731457494347566E-002 -9.887006525338782E-002
 -3.026236245561701E-002  0.118378894572272      -0.127134952623899     
  6.206013864746134E-002 -1.986274164672744E-002 -0.275313292488102     
 -3.284343036867941E-002  1.842924564699102E-003  5.677423288078196E-004
  7.972177432651917E-007 -2.796819707237797E-006 -4.980529419610163E-006
 -0.243197742751455      -9.806287998444681E-003  2.472874049732630E-002
  0.409763513533434      -8.603007388083164E-002  8.091830694421334E-002
 -3.361711487654894E-002 -1.490558299911965E-003 -1.099111343506936E-003
 -2.188789175904910E-002  2.555073222522815E-003 -1.346074201503868E-003
 -3.058242422805688E-002  2.794058739004506E-003  2.637771273359738E-003
 -8.047794285388732E-002  9.197785459168811E-002 -0.105838630284524     
 -3.970644352488603E-007 -6.637402638480849E-008 -1.002885365245596E-006
  2.009514080646795E-002 -7.253969207644065E-002  1.412316506423649E-002
 -8.603007388083170E-002  0.249615650396362      -0.232361050835928     
 -2.656311820331645E-002  1.052936304001063E-002  3.636713277218844E-003
  3.140899296210792E-002  3.520582744006398E-003 -1.379227046524966E-003
  4.388624395744687E-003  2.431359882907361E-003 -3.162651052751364E-004
  5.670106508939437E-002 -0.193557974918350       0.216294835506358     
 -6.311695693077889E-007  7.109315025085936E-007  1.829139915219320E-006
 -1.456013098436654E-002  1.840549975809047E-002 -7.874481099089019E-002
  8.091830694421338E-002 -0.232361050835928       0.320178280002001     
 -1.412758081417406E-002  2.529422170083967E-003  5.705206333547977E-003
 -2.401264228771897E-002  5.048734721004232E-005  2.402986898412285E-003
  3.398524672237805E-002 -3.526594753024810E-004  7.503993057033705E-003
 -6.220221376188057E-002  0.211727746186410      -0.257047434575163     
 -9.858184481974323E-007  5.548494379513757E-007  1.779275057644796E-006
 -7.951738192663331E-002 -7.298542345147555E-002 -3.792660137422118E-002
 -3.361711487654893E-002 -2.656311820331645E-002 -1.412758081417405E-002
  0.102631298001680       8.803103695383302E-002  4.459466281180782E-002
  4.736821393456338E-003  5.818371907594152E-003  3.848953448735857E-003
  5.834000146530723E-003  7.383374428763236E-003  3.360388596602673E-003
 -6.793486563034178E-005 -1.684080551069613E-003  2.504518510373244E-004
  3.121271454535824E-007 -1.610843287960482E-007 -2.745197884636296E-007
 -7.703468717509489E-002 -0.229722786140222      -8.731457494347572E-002
 -1.490558299911953E-003  1.052936304001067E-002  2.529422170083962E-003
  8.803103695383303E-002  0.240461641958744       9.727239718892709E-002
 -8.891633678653614E-003 -2.038475818627435E-002 -1.294864068479693E-002
 -4.401287034128203E-004 -1.288836020189881E-003 -1.807798197146652E-004
 -1.744231829106782E-004  4.058230387217525E-004  6.433616705580563E-004
  3.940861508917766E-007 -4.476907903980976E-007 -1.185581581829769E-006
 -3.918440073059164E-002 -8.826052483789996E-002 -9.887006525338779E-002
 -1.099111343506938E-003  3.636713277218860E-003  5.705206333547932E-003
  4.459466281180784E-002  9.727239718892713E-002  9.773767529681492E-002
  6.728063259209069E-003  1.516343127200351E-002  8.639974211739126E-003
 -1.041372508467086E-002 -2.712919995632391E-002 -1.266864858123745E-002
 -6.255428949983610E-004 -6.830062677508283E-004 -5.445081695308890E-004
  5.398275076076976E-008  1.893238251503571E-007  3.661620542490753E-007
 -6.106643382765578E-002  4.831152088922166E-002 -3.026236245561702E-002
 -2.188789175904906E-002  3.140899296210793E-002 -2.401264228771898E-002
  4.736821393456341E-003 -8.891633678653621E-003  6.728063259209074E-003
  8.195972538080583E-002 -6.438218699896413E-002  4.196332318536374E-002
  3.823208256088817E-003 -8.459894649664453E-003  4.234248124007887E-003
 -7.565540342060822E-003  2.013227875424503E-003  1.349516138451419E-003
  1.108984146588313E-007 -2.639947185439047E-008 -1.459636961318671E-007
  5.860655736318832E-002 -0.235160582773405       0.118378894572272     
  2.555073222522807E-003  3.520582744006397E-003  5.048734721001519E-005
  5.818371907594148E-003 -2.038475818627438E-002  1.516343127200351E-002
 -6.438218699896410E-002  0.246894262890655      -0.128707282263061     
 -1.734022376293614E-003  4.163964230306844E-003 -3.255563728916878E-003
 -8.634276726271787E-004  9.658416618176151E-004 -1.631718529446077E-003
 -3.654454203941832E-007  6.894328935283628E-007  1.751329938507890E-006
 -3.783695380509390E-002  0.118265353226825      -0.127134952623898     
 -1.346074201503883E-003 -1.379227046524949E-003  2.402986898412258E-003
  3.848953448735862E-003 -1.294864068479692E-002  8.639974211739128E-003
  4.196332318536374E-002 -0.128707282263061       0.129322471389178     
 -7.314028379010068E-003  2.561278094053419E-002 -1.457935195644931E-002
  6.847206769711320E-004 -8.431564928340727E-004  1.348513591087397E-003
  5.907453692119967E-008  1.723198581980612E-007  3.584899307029001E-007
 -7.009109763428632E-002  6.746450850166666E-003  6.206013864746135E-002
 -3.058242422805689E-002  4.388624395744674E-003  3.398524672237802E-002
  5.834000146530723E-003 -4.401287034128174E-004 -1.041372508467086E-002
  3.823208256088814E-003 -1.734022376293604E-003 -7.314028379010073E-003
  8.899659117715164E-002 -7.616146278034795E-003 -7.989632621928799E-002
  2.020729988930386E-003 -1.342781520008452E-003  1.583589519332626E-003
 -1.007706359252836E-006 -1.996368162067360E-006 -4.895206202425677E-006
  5.324442264575213E-003 -5.664239378287571E-002 -1.986274164672744E-002
  2.794058739004512E-003  2.431359882907372E-003 -3.526594753024778E-004
  7.383374428763232E-003 -1.288836020189903E-003 -2.712919995632389E-002
 -8.459894649664467E-003  4.163964230306848E-003  2.561278094053417E-002
 -7.616146278034799E-003  5.088285788831130E-002  2.261184734033749E-002
  5.750440544616184E-004  4.518166320050821E-004 -8.858303141887190E-004
 -8.785591050431731E-007  1.231169535118351E-006  5.803111670683380E-006
  6.879671271001228E-002 -1.900175303996117E-002 -0.275313292488102     
  2.637771273359716E-003 -3.162651052751018E-004  7.503993057033718E-003
  3.360388596602681E-003 -1.807798197146582E-004 -1.266864858123746E-002
  4.234248124007876E-003 -3.255563728916883E-003 -1.457935195644930E-002
 -7.989632621928797E-002  2.261184734033751E-002  0.293339385957186     
  8.698027714460362E-004  1.337577679783153E-004  1.702001002828566E-003
 -2.597256137424069E-006  8.756585553411335E-006  1.591300873826611E-005
 -1.869026185620624E-002  3.008901864356191E-002 -3.284343036867943E-002
 -8.047794285388733E-002  5.670106508939438E-002 -6.220221376188054E-002
 -6.793486563035306E-005 -1.744231829106767E-004 -6.255428949983593E-004
 -7.565540342060817E-003 -8.634276726271786E-004  6.847206769711432E-004
  2.020729988930405E-003  5.750440544616171E-004  8.698027714460264E-004
  0.104781243887611      -8.632756594985813E-002  9.411577247763514E-002
 -2.939587577577873E-007  2.890179774140736E-007  8.910995063039337E-007
 -4.636682546508897E-003 -2.892297005418532E-003  1.842924564699085E-003
  9.197785459168810E-002 -0.193557974918350       0.211727746186410     
 -1.684080551069614E-003  4.058230387217326E-004 -6.830062677508368E-004
  2.013227875424461E-003  9.658416618176343E-004 -8.431564928340770E-004
 -1.342781520008430E-003  4.518166320050828E-004  1.337577679783134E-004
 -8.632756594985815E-002  0.194627051464501      -0.212177912163022     
  2.810033488890610E-008 -2.608732754244834E-007 -3.535954810673838E-007
  8.540185562857665E-003 -2.243695871606083E-003  5.677423288078708E-004
 -0.105838630284524       0.216294835506358      -0.257047434575163     
  2.504518510373203E-004  6.433616705580603E-004 -5.445081695309085E-004
  1.349516138451388E-003 -1.631718529446046E-003  1.348513591087381E-003
  1.583589519332629E-003 -8.858303141887091E-004  1.702001002828570E-003
  9.411577247763517E-002 -0.212177912163022       0.253972260422323     
 -8.852647933690769E-007  9.597013448267365E-007  1.425399647464166E-006
 -4.547958285740247E-007 -8.258684232247543E-008  7.972177432421696E-007
 -3.970644352467371E-007 -6.311695693188047E-007 -9.858184481684750E-007
  3.121271454557879E-007  3.940861508900135E-007  5.398275076353628E-008
  1.108984146636727E-007 -3.654454203943008E-007  5.907453692695593E-008
 -1.007706359249088E-006 -8.785591050458851E-007 -2.597256137423011E-006
 -2.939587577593155E-007  2.810033489395689E-008 -8.852647933909157E-007
  1.730499820709698E-006  1.535574451297467E-006  3.558064348049755E-006
  4.256335603924690E-007 -1.213684730503846E-006 -2.796819707225953E-006
 -6.637402638417634E-008  7.109315025153548E-007  5.548494379535616E-007
 -1.610843287977128E-007 -4.476907904017930E-007  1.893238251474974E-007
 -2.639947185041449E-008  6.894328935256536E-007  1.723198582000849E-007
 -1.996368162068628E-006  1.231169535120823E-006  8.756585553415228E-006
  2.890179774119243E-007 -2.608732754278009E-007  9.597013448287401E-007
  1.535574451296577E-006 -7.092851348283202E-007 -7.835960312319218E-006
  1.869411197928758E-006 -8.444149217580232E-009 -4.980529419570362E-006
 -1.002885365243283E-006  1.829139915224041E-006  1.779275057629277E-006
 -2.745197884626067E-007 -1.185581581831991E-006  3.661620542346089E-007
 -1.459636961366132E-007  1.751329938518397E-006  3.584899307021136E-007
 -4.895206202436238E-006  5.803111670688721E-006  1.591300873829074E-005
  8.910995063035359E-007 -3.535954810614876E-007  1.425399647474068E-006
  3.558064348046488E-006 -7.835960312319955E-006 -1.486180600876056E-005
 Masses in au
   21874.6618111745        29156.9463602902        1837.15258665392     
   1837.15258665392        1837.15258665392        1837.15258665392     
   1837.15258665392     
