 Coordinates, Gradient and Hessian of a Structure written by dl-find
           7           1           1
  0.000000000000000E+000
 Energy
  -116.109255196892     
 Coordinates
  -8.01667782046334        1.10396622257208       1.194477326738240E-002
  -5.35966317209593       0.859828466487191      -0.291104266689112     
  -8.98963874208757      -0.681401230809212      -0.355558496810123     
  -8.67242450003407        2.49470980469184       -1.34840709081380     
  -8.50642486278600        1.76716144875970        1.90489549943832     
  -4.77617019150452      -0.347347445484504       0.930966281871705     
  -9.61438029834476        2.93701582604507        6.25285967611672     
 Gradient
 -6.843078691578279E-005  1.529629322197971E-003 -1.149707321039216E-003
  3.982111767566585E-004  4.355271986552876E-004 -7.468993770561034E-004
  4.007302878821708E-004 -3.284313491235758E-004 -2.223357528898803E-004
 -1.243772838560756E-003 -5.239928101945043E-004  1.111924963488480E-003
  5.065525884045212E-004  1.816398804404878E-004 -5.267468567154907E-005
 -7.046476635454590E-005 -1.190974840234592E-003  1.439456903838145E-003
  7.717433878771696E-005 -1.033974017410933E-004 -3.797647306698604E-004
 Hessian
  0.475607534709854      -1.090744520981491E-003  1.999730411613519E-002
 -0.238935278143145       3.177537313427759E-002  2.879146578477324E-003
 -9.256859972473958E-002 -9.561759434984342E-002 -2.051405398204631E-002
 -6.690256700147861E-002  5.482505315156327E-002 -5.585026244318159E-002
 -5.699543674700740E-002  1.431629412331702E-002  4.410325879374833E-002
 -2.022107961911212E-002 -4.261126874431254E-003  9.212690168451308E-003
  1.542652563067085E-005  5.274533610112251E-005  1.719167684131865E-004
 -1.090744520981491E-003  0.587786980823085      -2.391865442802883E-002
 -6.039450710516274E-004 -7.623538107947410E-002  1.793336473806065E-002
 -9.059931430281962E-002 -0.251026590701456      -4.216175139617722E-002
  4.582261745646805E-002 -0.177625897451037       0.126726510001330     
  1.434560001486024E-002 -8.022631539967598E-002 -7.414159583863104E-002
  3.209461284633788E-002 -2.721620481324988E-003 -4.336771916324617E-003
  3.117357718383224E-005  4.882428987725525E-005 -1.011011602243027E-004
  1.999730411613518E-002 -2.391865442802881E-002  0.588493212804863     
  3.931322991428161E-002  1.076390568978203E-002 -8.093654902772672E-002
 -2.060505986132141E-002 -4.025854139756813E-002 -6.317430486707087E-002
 -4.604055566785392E-002  0.124832733412496      -0.175936944848521     
  3.859827764560150E-002 -7.492010513208906E-002 -0.270647449426300     
 -3.140141212242024E-002  3.632290369299036E-003  2.578008661023351E-003
  1.382159755669391E-004 -1.316285139095119E-004 -3.759732962504491E-004
 -0.238935278143145      -6.039450710516244E-004  3.931322991428159E-002
  0.407633310000080      -0.127346774346097       6.426479273123231E-002
 -3.562980230093679E-002  1.417133598388942E-003  3.174102634867075E-003
 -2.185998288341875E-002  3.458009743781410E-003  1.293426708298874E-003
 -2.651208778944795E-002  4.886641046533757E-003  6.624931785123830E-003
 -8.472705442589197E-002  0.118210753743232      -0.114628083294488     
  3.089554276225012E-005 -2.181871478395134E-005 -4.240047931842587E-005
  3.177537313427758E-002 -7.623538107947410E-002  1.076390568978203E-002
 -0.127346774346097       0.296090292257137      -0.252094285636568     
 -2.750471513548515E-002  1.202446730023097E-002  5.304231671408433E-003
  2.873231071185968E-002  2.400412202953494E-004 -4.403033516118339E-003
  1.362696978536068E-002  2.760021323290612E-003 -7.039730157602000E-004
  8.074815250899471E-002 -0.234887001334886       0.241086970147579     
 -3.131665891470497E-005  7.560313399811412E-006  4.618465968185488E-005
  2.879146578477326E-003  1.793336473806063E-002 -8.093654902772666E-002
  6.426479273123230E-002 -0.252094285636568       0.313596422754323     
 -3.685940985369012E-003  1.344846635268049E-003  4.610758836009407E-003
 -2.635794317769281E-002  1.028612036294399E-003  6.217354506192208E-003
  3.561350445342289E-002 -1.066255252758091E-003  4.558613008059448E-003
 -7.266575019004747E-002  0.232841316929891      -0.248081533325417     
 -4.780941001920485E-005  1.240054981933802E-005  3.493324855383001E-005
 -9.256859972473960E-002 -9.059931430281962E-002 -2.060505986132143E-002
 -3.562980230093682E-002 -2.750471513548515E-002 -3.685940985369013E-003
  0.116474601325898       0.107380722410668       2.090393602094728E-002
  5.708516334668441E-003  7.586295760668117E-003  2.271669941921932E-003
  4.954071067553963E-003  4.544050344314034E-003  3.670624933519462E-004
  1.062806531793459E-003 -1.391613314739516E-003  7.835956221104810E-004
 -1.593234237112218E-006 -1.542576260599199E-005 -3.526323164121484E-005
 -9.561759434984343E-002 -0.251026590701456      -4.025854139756815E-002
  1.417133598388944E-003  1.202446730023098E-002  1.344846635268071E-003
  0.107380722410668       0.264232431215631       4.511261772134548E-002
 -8.971126030675144E-003 -1.825992436346449E-002 -5.888038830706696E-003
 -3.605787811940494E-003 -8.057487490734792E-003 -5.881896074180299E-004
 -6.160267328822427E-004  1.104918033473672E-003  3.332998094589269E-004
  1.267891628425788E-005 -1.781399368096852E-005 -5.599433037958554E-005
 -2.051405398204631E-002 -4.216175139617723E-002 -6.317430486707089E-002
  3.174102634867073E-003  5.304231671408453E-003  4.610758836009437E-003
  2.090393602094728E-002  4.511261772134548E-002  5.782251120900155E-002
  9.918204805889438E-003  2.024194678899706E-002  5.392324366540573E-003
 -1.256320600757001E-002 -2.794780467749509E-002 -4.389201274511105E-003
 -9.197291411402229E-004 -5.766501206616903E-004 -2.856486995321472E-004
  7.456690525843735E-007  2.741001258269365E-005  2.356042956283366E-005
 -6.690256700147859E-002  4.582261745646805E-002 -4.604055566785394E-002
 -2.185998288341877E-002  2.873231071185979E-002 -2.635794317769287E-002
  5.708516334668439E-003 -8.971126030675149E-003  9.918204805889447E-003
  8.755635068519442E-002 -6.182344039927636E-002  5.827296510963496E-002
  3.260631780578185E-003 -4.673726167965443E-003  3.353123280399132E-003
 -7.760388891524277E-003  9.129278704093705E-004  8.751777241986717E-004
 -2.560024019286821E-006  4.365591799793893E-007 -2.097207457559360E-005
  5.482505315156326E-002 -0.177625897451037       0.124832733412496     
  3.458009743781409E-003  2.400412202952905E-004  1.028612036294401E-003
  7.586295760668139E-003 -1.825992436346448E-002  2.024194678899705E-002
 -6.182344039927636E-002  0.185888759756117      -0.136473573473880     
 -3.823495045215167E-003  8.567816688302398E-003 -8.500276399920154E-003
 -2.160021372008530E-004  1.186626744154889E-003 -1.179864747726271E-003
 -6.421074320733919E-006  2.577405631013570E-006  5.042238373958527E-005
 -5.585026244318157E-002  0.126726510001330      -0.175936944848521     
  1.293426708298883E-003 -4.403033516118341E-003  6.217354506192182E-003
  2.271669941921928E-003 -5.888038830706705E-003  5.392324366540586E-003
  5.827296510963496E-002 -0.136473573473880       0.182181230479541     
 -7.886425012289195E-003  2.140303101863198E-002 -1.904789006392470E-002
  1.885682004207516E-003 -1.341895219722007E-003  1.222209110419521E-003
  1.294369140673083E-005 -2.299997953609745E-005 -2.828355024571315E-005
 -5.699543674700740E-002  1.434560001486025E-002  3.859827764560149E-002
 -2.651208778944796E-002  1.362696978536062E-002  3.561350445342290E-002
  4.954071067553958E-003 -3.605787811940492E-003 -1.256320600757001E-002
  3.260631780578170E-003 -3.823495045215166E-003 -7.886425012289193E-003
  7.372237032369004E-002 -1.961175873470026E-002 -5.514788824883343E-002
  1.560969297032350E-003 -9.695206801040066E-004  1.253012049203890E-003
  9.482067598710209E-006  3.799247173526056E-005  1.327251204678256E-004
  1.431629412331702E-002 -8.022631539967597E-002 -7.492010513208906E-002
  4.886641046533757E-003  2.760021323290577E-003 -1.066255252758090E-003
  4.544050344314035E-003 -8.057487490734778E-003 -2.794780467749508E-002
 -4.673726167965439E-003  8.567816688302390E-003  2.140303101863198E-002
 -1.961175873470027E-002  7.720133782656924E-002  8.358771305851805E-002
  4.990076318320462E-004 -2.262309412912076E-004 -8.861927292019633E-004
  3.949175667204867E-005 -1.914200645450762E-005 -1.703862856110732E-004
  4.410325879374835E-002 -7.414159583863106E-002 -0.270647449426300     
  6.624931785123828E-003 -7.039730157601658E-004  4.558613008059461E-003
  3.670624933519400E-004 -5.881896074180236E-004 -4.389201274511120E-003
  3.353123280399129E-003 -8.500276399920152E-003 -1.904789006392468E-002
 -5.514788824883343E-002  8.358771305851803E-002  0.289239247040325     
  5.675437199193113E-004  5.062699791639015E-004  8.255460504869976E-004
  1.319681763019137E-004 -1.599481759327665E-004 -5.388653341529275E-004
 -2.022107961911214E-002  3.209461284633790E-002 -3.140141212242024E-002
 -8.472705442589201E-002  8.074815250899470E-002 -7.266575019004747E-002
  1.062806531793446E-003 -6.160267328822648E-004 -9.197291411402294E-004
 -7.760388891524278E-003 -2.160021372008568E-004  1.885682004207512E-003
  1.560969297032350E-003  4.990076318320465E-004  5.675437199193107E-004
  0.110092876760824      -0.112516111049172       0.102516616603349     
 -8.129653122597590E-006  6.366932087499653E-006  1.704912613419514E-005
 -4.261126874431252E-003 -2.721620481325018E-003  3.632290369299047E-003
  0.118210753743232      -0.234887001334886       0.232841316929891     
 -1.391613314739519E-003  1.104918033473673E-003 -5.766501206616865E-004
  9.129278704093647E-004  1.186626744154895E-003 -1.341895219721993E-003
 -9.695206801039976E-004 -2.262309412912018E-004  5.062699791638994E-004
 -0.112516111049172       0.235556589001552      -0.235028290276907     
  1.469030480927821E-005 -1.328102167249638E-005 -3.304166106796323E-005
  9.212690168451295E-003 -4.336771916324620E-003  2.578008661023348E-003
 -0.114628083294488       0.241086970147579      -0.248081533325417     
  7.835956221104811E-004  3.332998094589245E-004 -2.856486995321581E-004
  8.751777241986847E-004 -1.179864747726279E-003  1.222209110419519E-003
  1.253012049203853E-003 -8.861927292019585E-004  8.255460504869917E-004
  0.102516616603349      -0.235028290276907       0.243727497425731     
 -1.300887282896633E-005  1.084971311500028E-005  1.392077729219516E-005
  1.542652563066123E-005  3.117357718382333E-005  1.382159755669790E-004
  3.089554276225281E-005 -3.131665891472050E-005 -4.780941001923362E-005
 -1.593234237120295E-006  1.267891628425394E-005  7.456690525809233E-007
 -2.560024019284774E-006 -6.421074320727032E-006  1.294369140673022E-005
  9.482067598707536E-006  3.949175667204396E-005  1.319681763019027E-004
 -8.129653122593431E-006  1.469030480928261E-005 -1.300887282898525E-005
 -4.352122461261322E-005 -6.029682171393471E-005 -2.230552294799908E-004
  5.274533610111823E-005  4.882428987727489E-005 -1.316285139095077E-004
 -2.181871478394407E-005  7.560313399807192E-006  1.240054981934264E-005
 -1.542576260598980E-005 -1.781399368096955E-005  2.741001258268795E-005
  4.365591799759866E-007  2.577405631011499E-006 -2.299997953609863E-005
  3.799247173526427E-005 -1.914200645451162E-005 -1.599481759327749E-004
  6.366932087497679E-006 -1.328102167249765E-005  1.084971311499852E-005
 -6.029682171393346E-005 -8.724987100139957E-006  2.639163938613722E-004
  1.719167684131834E-004 -1.011011602243262E-004 -3.759732962504289E-004
 -4.240047931842244E-005  4.618465968186820E-005  3.493324855382128E-005
 -3.526323164121508E-005 -5.599433037957897E-005  2.356042956282765E-005
 -2.097207457559937E-005  5.042238373959263E-005 -2.828355024569479E-005
  1.327251204678167E-004 -1.703862856110593E-004 -5.388653341528979E-004
  1.704912613419416E-005 -3.304166106795444E-005  1.392077729218664E-005
 -2.230552294799934E-004  2.639163938613727E-004  8.707077252402524E-004
 Masses in au
   21874.6618111745        29156.9463602902        1837.15258665392     
   1837.15258665392        1837.15258665392        1837.15258665392     
   1837.15258665392     
