 Coordinates, Gradient and Hessian of a Structure written by dl-find
           7           1           1
  0.000000000000000E+000
 Energy
  -116.108264470803     
 Coordinates
  -7.96082808275929        1.06838285847085      -4.235595549058760E-002
  -5.41661386455414       0.894584130309806      -0.231098642106670     
  -9.02795748553424      -0.678031470222840      -6.042495492907420E-002
  -8.70259795464301        2.63926028841840       -1.10528014952122     
  -8.73892681591300        2.10466322935465        3.11149542272297     
  -4.82423085384692      -0.543591024146058       0.675022647429199     
  -9.02647045962272        2.51992575037172        4.45816150836168     
 Gradient
  6.181703198102391E-003  6.240791680690637E-003  1.799984115672654E-002
 -1.035139176954733E-002 -6.827756698376512E-003  2.106665137614229E-003
  1.282936020395393E-003  1.595078083810497E-003 -2.293417220396496E-003
  1.127678245589984E-003 -2.614873247867640E-003  4.897075619275775E-005
  2.271264655562026E-003 -3.265270957858024E-003 -9.502916691696894E-003
 -1.478644161544521E-003  6.485816062485854E-003 -3.067165122353404E-003
  9.664538114417852E-004 -1.613784922884237E-003 -5.291978016087043E-003
 Hessian
  0.598093613873795       3.393642564965679E-003  3.995980488474626E-002
 -0.378264542389291       4.627091954647177E-002  2.325418705122813E-002
 -0.117918391254765      -0.122657448165145      -1.010578866137938E-002
 -8.158948308852552E-002  7.764450610547717E-002 -6.146130128943610E-002
 -9.507496399144996E-004  3.093573740481718E-004  1.102689113194179E-003
 -2.144272992898659E-002 -5.285194613163001E-003  6.244455359762723E-003
  2.072282427686894E-003  3.242171873457613E-004  1.005953541884127E-003
  3.393642564965684E-003  0.594455750351318      -0.167771072926433     
 -1.492364132062084E-003 -8.546003618608602E-002  3.259388917088266E-002
 -0.110393594857849      -0.274903126329347      -7.241655918402894E-003
  6.548266187083292E-002 -0.230270011940169       0.151214547069813     
 -1.504318098752369E-003 -5.058698927997809E-004  5.514660161850343E-003
  4.220734706844878E-002 -3.524897441220427E-003 -4.963406715575496E-003
  2.306625584417275E-003  2.081914383021253E-004 -9.346960842132813E-003
  3.995980488474625E-002 -0.167771072926433       0.171922704571319     
  2.834375120975229E-002  2.613219565484256E-002 -2.870345208741551E-002
 -5.077171740039944E-004  1.625063734415558E-002 -2.166787316098218E-002
 -4.711316808082492E-002  0.127386987633183      -0.112776146418830     
 -5.329842932266584E-003  5.966259277202362E-003  1.625151499709029E-002
 -2.335750763075140E-002  1.713638270655574E-003  1.333949737397548E-003
  8.004679723350642E-003 -9.678645253611579E-003 -2.636069763857688E-002
 -0.378264542389291      -1.492364132062087E-003  2.834375120975228E-002
  0.514718577737992      -0.153445525743268       5.941452074910723E-002
 -2.991560926918612E-002  3.751887791654058E-003  1.633796606012049E-003
 -2.057041352088380E-002  1.174690142287034E-003 -2.088034798408819E-005
 -2.244359215876494E-003 -1.050230503676664E-003 -3.806389151605880E-003
 -8.476703286680004E-002  0.149578924264815      -9.128988143065253E-002
  1.043379524045393E-003  1.482618180251474E-003  5.725082365371159E-003
  4.627091954647178E-002 -8.546003618608607E-002  2.613219565484253E-002
 -0.153445525743268       0.430419608911836      -0.252848756769431     
 -2.904640680437422E-002  1.238655208358335E-002  5.830106658512111E-003
  3.270332703219311E-002  2.066758357358817E-003 -6.135262338729000E-003
  1.308951020971841E-003  7.113108811029691E-005 -1.366937637630340E-004
  0.102711100006566      -0.359303130987045       0.227785851198455     
 -5.023650585626135E-004 -1.808832677546931E-004 -6.274406398892113E-004
  2.325418705122812E-002  3.259388917088262E-002 -2.870345208741550E-002
  5.941452074910721E-002 -0.252848756769431       0.166444685383705     
 -2.138674913739650E-003 -2.561125415754377E-003  5.069040132646111E-003
 -2.144663586092408E-002  3.238736023195686E-005  3.387448100775195E-003
  3.850614399309100E-003 -8.965455016493074E-004 -2.172092421151950E-003
 -6.112508313384574E-002  0.223184137657575      -0.144993225443583     
 -1.808928291133980E-003  4.960134981439640E-004  9.675963350258750E-004
 -0.117918391254765      -0.110393594857849      -5.077171740039970E-004
 -2.991560926918609E-002 -2.904640680437418E-002 -2.138674913739656E-003
  0.137212919484004       0.131511698270575       1.666297496631711E-003
  8.411823526032841E-003  9.014615739136856E-003 -4.450291883033665E-004
  3.063053522228460E-004  2.472093805345603E-004 -2.044775429259124E-004
  1.931918883397228E-003 -1.416623299101809E-003  1.715199365449431E-003
 -2.896672170645474E-005  8.310157107941243E-005 -8.559804310824232E-005
 -0.122657448165145      -0.274903126329347       1.625063734415557E-002
  3.751887791654026E-003  1.238655208358335E-002 -2.561125415754367E-003
  0.131511698270574       0.273126570892010      -8.904142551305510E-003
 -1.122115320454030E-002 -1.186004875077517E-002 -4.823691684986016E-003
 -5.226929874976777E-004 -1.088103859925323E-003 -2.438851237097062E-005
 -1.076445666685630E-003  1.815503963836774E-003  2.069936524777158E-004
  2.141539616405566E-004  5.226520006177924E-004 -1.442828322164239E-004
 -1.010578866137938E-002 -7.241655918402875E-003 -2.166787316098218E-002
  1.633796606012044E-003  5.830106658512129E-003  5.069040132646127E-003
  1.666297496631722E-003 -8.904142551305503E-003  1.621114748588682E-002
  7.897021321761564E-003  1.466351909822655E-002  4.069449004561658E-003
 -5.025793971342311E-004 -3.354894897187901E-003 -2.722553061991121E-003
 -6.648410078059217E-004 -1.726202806478183E-003 -1.163275166642548E-003
  7.609364191403932E-005  7.332704166361714E-004  2.040647665210409E-004
 -8.158948308852552E-002  6.548266187083290E-002 -4.711316808082495E-002
 -2.057041352088378E-002  3.270332703219318E-002 -2.144663586092413E-002
  8.411823526032838E-003 -1.122115320454032E-002  7.897021321761580E-003
  0.100633271176776      -8.686659648003628E-002  6.072585620604801E-002
  1.712587287506850E-004 -4.194695929928513E-004  7.693694616734626E-005
 -7.008283816793608E-003  3.305239148906553E-004 -9.759413834372557E-006
 -4.817300535705417E-005 -9.293540347285761E-006 -1.302511183934922E-004
  7.764450610547716E-002 -0.230270011940169       0.127386987633183     
  1.174690142287033E-003  2.066758357358842E-003  3.238736023199218E-005
  9.014615739136816E-003 -1.186004875077519E-002  1.466351909822654E-002
 -8.686659648003628E-002  0.237070074946635      -0.141113433489426     
  4.795570016158957E-005  1.419671685577575E-004 -1.499342284980187E-003
 -9.520944937929980E-004  2.689577524706042E-003  3.384217436603939E-004
 -6.307671323343506E-005  1.616826936867442E-004  1.914599391040897E-004
 -6.146130128943610E-002  0.151214547069812      -0.112776146418830     
 -2.088034798409221E-005 -6.135262338728980E-003  3.387448100775194E-003
 -4.450291883033736E-004 -4.823691684986014E-003  4.069449004561644E-003
  6.072585620604802E-002 -0.141113433489426       0.105178251239842     
 -3.281775156786840E-004  1.508451423789842E-003 -3.587734063711186E-003
  1.468574584494305E-003 -4.201015730322997E-005  2.810343881412001E-003
  6.095755085962838E-005 -6.086008231574112E-004  9.183882559495977E-004
 -9.507496399144920E-004 -1.504318098752371E-003 -5.329842932266588E-003
 -2.244359215876505E-003  1.308951020971814E-003  3.850614399309108E-003
  3.063053522228439E-004 -5.226929874976903E-004 -5.025793971342301E-004
  1.712587287506946E-004  4.795570016158997E-005 -3.281775156786926E-004
  2.138970580992866E-002 -1.603941776329705E-002 -5.081261671100304E-002
 -2.225747796314671E-004  1.445062045936968E-004  1.195666377486544E-004
 -1.844958625548544E-002  1.656501592383368E-002  5.300303551901739E-002
  3.093573740481650E-004 -5.058698927997938E-004  5.966259277202355E-003
 -1.050230503676659E-003  7.113108811030628E-005 -8.965455016493069E-004
  2.472093805345582E-004 -1.088103859925324E-003 -3.354894897187901E-003
 -4.194695929928476E-004  1.419671685577568E-004  1.508451423789852E-003
 -1.603941776329706E-002  3.204182567582343E-002  7.315048273463906E-002
  3.910144348764178E-004 -1.969021426765630E-004  5.253756079274991E-005
  1.656153667051567E-002 -3.046404803710953E-002 -7.642629059757618E-002
  1.102689113194178E-003  5.514660161850356E-003  1.625151499709030E-002
 -3.806389151605875E-003 -1.366937637630258E-004 -2.172092421151964E-003
 -2.044775429259111E-004 -2.438851237096844E-005 -2.722553061991119E-003
  7.693694616733737E-005 -1.499342284980190E-003 -3.587734063711187E-003
 -5.081261671100303E-002  7.315048273463907E-002  0.247348598694350     
  3.872328337557978E-004 -1.827701914270196E-004  7.553092727598344E-004
  5.325662451244526E-002 -7.682194814401440E-002 -0.255873043417310     
 -2.144272992898661E-002  4.220734706844876E-002 -2.335750763075141E-002
 -8.476703286680005E-002  0.102711100006566      -6.112508313384571E-002
  1.931918883397235E-003 -1.076445666685649E-003 -6.648410078059267E-004
 -7.008283816793612E-003 -9.520944937930091E-004  1.468574584494310E-003
 -2.225747796314641E-004  3.910144348764182E-004  3.872328337557999E-004
  0.111503581828491      -0.143175207388034       8.346685708188066E-002
  5.120680323280450E-006 -1.057139613785647E-004 -1.752327277285008E-004
 -5.285194613162989E-003 -3.524897441220443E-003  1.713638270655582E-003
  0.149578924264815      -0.359303130987045       0.223184137657575     
 -1.416623299101791E-003  1.815503963836780E-003 -1.726202806478184E-003
  3.305239148906432E-004  2.689577524706066E-003 -4.201015730321739E-005
  1.445062045937062E-004 -1.969021426765567E-004 -1.827701914270156E-004
 -0.143175207388034       0.358423835041293      -0.223460453337050     
 -1.769290839987961E-004  9.601404110391193E-005  5.136605640294798E-004
  6.244455359762723E-003 -4.963406715575501E-003  1.333949737397548E-003
 -9.128988143065252E-002  0.227785851198456      -0.144993225443583     
  1.715199365449425E-003  2.069936524777193E-004 -1.163275166642549E-003
 -9.759413834396921E-006  3.384217436604119E-004  2.810343881411985E-003
  1.195666377486698E-004  5.253756079274498E-005  7.553092727598203E-004
  8.346685708188066E-002 -0.223460453337050       0.141764967463983     
 -2.464376003556373E-004  4.005589724013012E-005 -5.080697453286009E-004
  2.072282427686899E-003  2.306625584417283E-003  8.004679723350653E-003
  1.043379524045396E-003 -5.023650585626580E-004 -1.808928291133986E-003
 -2.896672170645512E-005  2.141539616405494E-004  7.609364191404073E-005
 -4.817300535705494E-005 -6.307671323343630E-005  6.095755085962716E-005
 -1.844958625548544E-002  1.656153667051567E-002  5.325662451244525E-002
  5.120680323290940E-006 -1.769290839987891E-004 -2.464376003556303E-004
  1.540594335049955E-002 -1.833994536079341E-002 -5.934298953707196E-002
  3.242171873457653E-004  2.081914383021193E-004 -9.678645253611567E-003
  1.482618180251477E-003 -1.808832677547009E-004  4.960134981439551E-004
  8.310157107940762E-005  5.226520006177845E-004  7.332704166361691E-004
 -9.293540347287741E-006  1.616826936867502E-004 -6.086008231574148E-004
  1.656501592383368E-002 -3.046404803710954E-002 -7.682194814401438E-002
 -1.057139613785682E-004  9.601404110391543E-005  4.005589724012663E-005
 -1.833994536079341E-002  2.965639113117506E-002  8.583985440875158E-002
  1.005953541884125E-003 -9.346960842132809E-003 -2.636069763857686E-002
  5.725082365371174E-003 -6.274406398892025E-004  9.675963350258600E-004
 -8.559804310824731E-005 -1.442828322164247E-004  2.040647665210436E-004
 -1.302511183935047E-004  1.914599391040648E-004  9.183882559495935E-004
  5.300303551901739E-002 -7.642629059757619E-002 -0.255873043417310     
 -1.752327277285078E-004  5.136605640294867E-004 -5.080697453285939E-004
 -5.934298953707196E-002  8.583985440875158E-002  0.280651761443681     
 Masses in au
   21874.6618111745        29156.9463602902        1837.15258665392     
   1837.15258665392        1837.15258665392        1837.15258665392     
   1837.15258665392     
