 Coordinates, Gradient and Hessian of a Structure written by dl-find
           7           1           1
  0.000000000000000E+000
 Energy
  -116.108456390808     
 Coordinates
  -8.01144875781275        1.09474511234482       2.817884811560050E-002
  -5.38475099430803       0.879154134156912      -0.259216074105707     
  -8.98828702060517      -0.672971160163292      -0.382858999972523     
  -8.64842156989950        2.50371189559880       -1.31189983934678     
  -8.55132533522901        1.71933341176959        1.91369217705696     
  -4.78439919523345      -0.440908001567566       0.806000169395098     
  -9.25070542551486        2.86405518032093        5.66043584731356     
 Gradient
  8.175310682335053E-003  1.103188462524612E-003  5.158577510804094E-005
 -8.552041429802176E-003 -3.814441781881588E-003  4.657817766726761E-003
  9.705945884661444E-004  1.915146039615347E-003  5.926084175141377E-004
  9.466765832388055E-004 -2.484423177732455E-003  2.571129506533746E-003
 -1.798308287372997E-004 -5.141235799798751E-004 -2.499042144201365E-003
 -1.596491472304632E-003  4.243103966903726E-003 -3.915932462873193E-003
  2.357818768040956E-004 -4.484499294497440E-004 -1.458166858808117E-003
 Hessian
  0.510657164141581      -4.458117933644982E-003  1.246310895161444E-002
 -0.271872865685253       3.603897403402994E-002  7.467611982354047E-003
 -9.432689204906727E-002 -9.693664705576722E-002 -2.323826633971205E-002
 -6.509914998165107E-002  5.554509558859193E-002 -5.530287923179795E-002
 -5.938921793231666E-002  1.547688646037229E-002  4.950139641510318E-002
 -2.000563715351987E-002 -5.914739702044452E-003  8.335932796365774E-003
  3.659866022860253E-005  2.485486084617679E-004  7.730954260726449E-004
 -4.458117933644976E-003  0.594245947265638      -2.395395348798235E-002
 -1.460880774509853E-003 -7.918936337151525E-002  1.797049439247862E-002
 -9.120467823600127E-002 -0.251529044126561      -4.783340194515683E-002
  4.566259338611540E-002 -0.184245142577754       0.130505026736928     
  1.560354837010778E-002 -7.704040880105699E-002 -7.130645866267329E-002
  3.571755408729640E-002 -2.290863624115114E-003 -4.759754640051755E-003
  1.399811006351284E-004  4.887523536586325E-005 -6.219523935425889E-004
  1.246310895161444E-002 -2.395395348798232E-002  0.589167035797225     
  3.917310783320320E-002  1.188536702456962E-002 -7.579885144792521E-002
 -2.308408663685110E-002 -4.577812077209998E-002 -6.453354579284547E-002
 -4.510393951875456E-002  0.128304540303850      -0.175045170701730     
  4.462545409501736E-002 -7.210564501432283E-002 -0.273830257688661     
 -2.854233939725829E-002  2.294294353220701E-003  1.837776514251133E-003
  4.686946730234092E-004 -6.464824072309469E-004 -1.796986680315566E-003
 -0.271872865685253      -1.460880774509848E-003  3.917310783320321E-002
  0.448001713272707      -0.150858100014989       5.891583832287260E-002
 -3.618534657016371E-002  1.060160557247379E-003  2.834816665885542E-003
 -2.402686270556769E-002  4.178921743546909E-003  1.261542178755150E-003
 -2.716968901346036E-002  4.823793702323358E-003  7.682792589142173E-003
 -8.888117511840954E-002  0.142388826317698      -0.109516618356667     
  1.342258201482671E-004 -1.327215313171367E-004 -3.514792331913762E-004
  3.603897403402993E-002 -7.918936337151522E-002  1.188536702456961E-002
 -0.150858100014989       0.364651496078860      -0.261752722971449     
 -2.884212705217276E-002  1.196557313919209E-002  5.329632751865957E-003
  3.145165670160213E-002 -1.440144779371719E-004 -4.172378815130466E-003
  1.307714437453174E-002  3.130021644495690E-003 -7.138437557014105E-004
  9.921712081138934E-002 -0.300451109214670       0.249249698187370     
 -8.466885439350474E-005  3.739620157364087E-005  1.742475784747092E-004
  7.467611982354035E-003  1.797049439247861E-002 -7.579885144792517E-002
  5.891583832287263E-002 -0.261752722971449       0.259543779765900     
 -4.895134639820472E-003  1.502037884569361E-003  4.602319790036667E-003
 -2.599435839386325E-002  1.053608852369392E-003  6.331217596562577E-003
  3.631987747239888E-002 -8.943323257153963E-004  5.531170059380307E-003
 -7.166487731644776E-002  0.242045848615848      -0.200406530964378     
 -1.489574274925014E-004  7.506555189847087E-005  1.968952004240874E-004
 -9.432689204906730E-002 -9.120467823600131E-002 -2.308408663685109E-002
 -3.618534657016372E-002 -2.884212705217276E-002 -4.895134639820449E-003
  0.118306370820674       0.109254839734343       2.398725117968329E-002
  5.527482641464130E-003  7.452562676292590E-003  2.570366844570067E-003
  5.189669964401656E-003  4.845425985506639E-003  6.287264128352779E-004
  1.498659906352070E-003 -1.467672683401142E-003  8.765792124008121E-004
 -9.944713660963270E-006 -3.835042456676462E-005 -8.370237281790863E-005
 -9.693664705576722E-002 -0.251529044126561      -4.577812077209998E-002
  1.060160557247369E-003  1.196557313919208E-002  1.502037884569357E-003
  0.109254839734343       0.264823405341995       5.142104966782577E-002
 -9.176033696600694E-003 -1.867154953666379E-002 -6.631451056306142E-003
 -3.555396306253010E-003 -7.960173908142777E-003 -8.404998890097998E-004
 -6.663248832463013E-004  1.407770524254114E-003  4.440671692458360E-004
  1.940165027709862E-005 -3.598143407374806E-005 -1.170830042250356E-004
 -2.323826633971206E-002 -4.783340194515682E-002 -6.453354579284544E-002
  2.834816665885544E-003  5.329632751865942E-003  4.602319790036676E-003
  2.398725117968328E-002  5.142104966782577E-002  5.961425636831644E-002
  9.953159852370157E-003  1.998529165266104E-002  5.874415178314930E-003
 -1.255989336444697E-002 -2.848176166844124E-002 -5.537248076241008E-003
 -9.693863634622718E-004 -5.143377122029596E-004 -1.453024114256170E-004
 -7.681630317799323E-006  9.352725344834150E-005  1.251049438439880E-004
 -6.509914998165106E-002  4.566259338611545E-002 -4.510393951875455E-002
 -2.402686270556764E-002  3.145165670160209E-002 -2.599435839386323E-002
  5.527482641464106E-003 -9.176033696600708E-003  9.953159852370162E-003
  8.806358835098765E-002 -6.341557394326749E-002  5.739675145914000E-002
  3.382036970162526E-003 -4.969858319531288E-003  3.584392282387154E-003
 -7.837841600518560E-003  4.486725776938520E-004  2.191382288419867E-004
 -9.253674876987766E-006 -1.456706011893326E-006 -5.514391012150398E-005
  5.554509558859192E-002 -0.184245142577754       0.128304540303850     
  4.178921743546898E-003 -1.440144779371750E-004  1.053608852369440E-003
  7.452562676292598E-003 -1.867154953666382E-002  1.998529165266105E-002
 -6.341557394326751E-002  0.193125768880813      -0.140314965833374     
 -3.573760110096696E-003  8.305872639061339E-003 -8.227134216387516E-003
 -1.704402095860191E-004  1.607415438781456E-003 -9.638029743501526E-004
 -1.680574548131895E-005  2.164963369949742E-005  1.624622152315541E-004
 -5.530287923179793E-002  0.130505026736928      -0.175045170701730     
  1.261542178755143E-003 -4.172378815130474E-003  6.331217596562576E-003
  2.570366844570074E-003 -6.631451056306151E-003  5.874415178314937E-003
  5.739675145914000E-002 -0.140314965833374       0.181211763431180     
 -7.732270197567536E-003  2.206140963016680E-002 -1.948426551583168E-002
  1.796136295866439E-003 -1.409126629574147E-003  1.092998709809454E-003
  1.035265103338685E-005 -3.851403270975388E-005  1.904130169472233E-005
 -5.938921793231666E-002  1.560354837010778E-002  4.462545409501734E-002
 -2.716968901346038E-002  1.307714437453173E-002  3.631987747239891E-002
  5.189669964401650E-003 -3.555396306253003E-003 -1.255989336444697E-002
  3.382036970162529E-003 -3.573760110096687E-003 -7.732270197567534E-003
  7.657551286470876E-002 -2.066527854777685E-002 -6.206148096959908E-002
  1.246397747803371E-003 -9.369200262279595E-004  1.247307786566350E-003
  1.652893986994419E-004  5.066224571588760E-005  1.610051776308493E-004
  1.547688646037230E-002 -7.704040880105699E-002 -7.210564501432284E-002
  4.823793702323346E-003  3.130021644495691E-003 -8.943323257153892E-004
  4.845425985506651E-003 -7.960173908142781E-003 -2.848176166844124E-002
 -4.969858319531278E-003  8.305872639061341E-003  2.206140963016679E-002
 -2.066527854777686E-002  7.382755905134200E-002  8.077595048425613E-002
  4.314109444426719E-004 -3.202025138695657E-004 -1.010648634605003E-003
  5.761977466482514E-005  5.733188816915899E-005 -3.449724713383015E-004
  4.950139641510319E-002 -7.130645866267328E-002 -0.273830257688661     
  7.682792589142163E-003 -7.138437557014137E-004  5.531170059380328E-003
  6.287264128352778E-004 -8.404998890098016E-004 -5.537248076241003E-003
  3.584392282387145E-003 -8.227134216387511E-003 -1.948426551583166E-002
 -6.206148096959908E-002  8.077595048425616E-002  0.293658603138353     
  4.730169118739402E-004  6.584255766381559E-004  6.155113981687032E-004
  1.911563582633016E-004 -3.464395371265054E-004 -9.535133151680388E-004
 -2.000563715351986E-002  3.571755408729639E-002 -2.854233939725829E-002
 -8.888117511840951E-002  9.921712081138931E-002 -7.166487731644776E-002
  1.498659906352061E-003 -6.663248832462919E-004 -9.693863634622737E-004
 -7.837841600518536E-003 -1.704402095860142E-004  1.796136295866438E-003
  1.246397747803375E-003  4.314109444426715E-004  4.730169118739499E-004
  0.113998776298183      -0.134551425669495       9.885713420744111E-002
 -1.918007989079575E-005  2.210491919889327E-005  5.031566198664768E-005
 -5.914739702044438E-003 -2.290863624115146E-003  2.294294353220709E-003
  0.142388826317698      -0.300451109214670       0.242045848615849     
 -1.467672683401134E-003  1.407770524254103E-003 -5.143377122029801E-004
  4.486725776938253E-004  1.607415438781504E-003 -1.409126629574155E-003
 -9.369200262279224E-004 -3.202025138695772E-004  6.584255766381651E-004
 -0.134551425669495       0.300088241773674      -0.242978026476649     
  3.325918577853778E-005 -4.125238405432575E-005 -9.707772728064773E-005
  8.335932796365778E-003 -4.759754640051747E-003  1.837776514251130E-003
 -0.109516618356667       0.249249698187370      -0.200406530964378     
  8.765792124008272E-004  4.440671692458538E-004 -1.453024114255984E-004
  2.191382288419898E-004 -9.638029743501262E-004  1.092998709809479E-003
  1.247307786566376E-003 -1.010648634604982E-003  6.155113981687275E-004
  9.885713420744113E-002 -0.242978026476649       0.196984656587220     
 -1.947387495039375E-005  1.846736904000119E-005  2.089016635386894E-005
  3.659866022859624E-005  1.399811006351227E-004  4.686946730234123E-004
  1.342258201482743E-004 -8.466885439350947E-005 -1.489574274925314E-004
 -9.944713660962117E-006  1.940165027709994E-005 -7.681630317799074E-006
 -9.253674876989694E-006 -1.680574548132362E-005  1.035265103339327E-005
  1.652893986994362E-004  5.761977466482508E-005  1.911563582633112E-004
 -1.918007989078452E-005  3.325918577855020E-005 -1.947387495036310E-005
 -2.977354106475598E-004 -1.487871114807736E-004 -4.940907495594202E-004
  2.485486084617713E-004  4.887523536585382E-005 -6.464824072309405E-004
 -1.327215313171372E-004  3.739620157363741E-005  7.506555189848268E-005
 -3.835042456676512E-005 -3.598143407375641E-005  9.352725344834369E-005
 -1.456706011895719E-006  2.164963369949555E-005 -3.851403270974810E-005
  5.066224571589054E-005  5.733188816916255E-005 -3.464395371265000E-004
  2.210491919889185E-005 -4.125238405433165E-005  1.846736904000621E-005
 -1.487871114807716E-004 -8.801914068004616E-005  8.443758026803511E-004
  7.730954260726516E-004 -6.219523935425893E-004 -1.796986680315597E-003
 -3.514792331913659E-004  1.742475784747087E-004  1.968952004240977E-004
 -8.370237281790622E-005 -1.170830042250399E-004  1.251049438440006E-004
 -5.514391012150399E-005  1.624622152315557E-004  1.904130169473304E-005
  1.610051776308453E-004 -3.449724713382990E-004 -9.535133151680240E-004
  5.031566198665576E-005 -9.707772728064390E-005  2.089016635386031E-005
 -4.940907495594186E-004  8.443758026803505E-004  2.388568383166915E-003
 Masses in au
   21874.6618111745        29156.9463602902        1837.15258665392     
   1837.15258665392        1837.15258665392        1837.15258665392     
   1837.15258665392     
