 Coordinates, Gradient and Hessian of a Structure written by dl-find
           7           1           1
  0.000000000000000E+000
 Energy
  -116.099581398519     
 Coordinates
  -8.01678043262117        1.10620176921501       6.965645865298850E-002
  -5.39883285945918       0.893282108638647      -0.232486079423020     
  -9.03722564995542      -0.667026080079889      -0.204344836868023     
  -8.70416888441838        2.57095611816582       -1.19525041391628     
  -8.50058806404042        1.77283591998489        2.07829039301137     
  -4.81735980769839      -0.515575259441518       0.747870665444190     
  -8.87682130438534        2.45139500189218        4.34071461827918     
 Gradient
  6.383805751802463E-003 -4.085992756075250E-003 -1.202357051016649E-002
 -4.857220594857260E-003  1.691573418434653E-003  2.652130304824923E-003
 -4.300115653447554E-004  6.746866966428515E-005  3.140345687029087E-003
 -2.464804812725582E-004  1.498779911176473E-003  2.275973012920578E-003
 -2.117439723371001E-003  3.943232700070206E-003  1.263678739265014E-002
 -1.378815266092645E-004 -4.834731933872106E-004  6.253424828872407E-006
  1.405228139652881E-003 -2.631588749882239E-003 -8.687919312087931E-003
 Hessian
  0.505123244060145       8.576674158956788E-003  4.782009217958069E-002
 -0.267799142324088       3.640297315828407E-002  1.185911401997204E-002
 -0.101068560037661      -0.102571153920200      -2.191995296813337E-002
 -7.056721681100109E-002  5.861213790690362E-002 -5.860524448982300E-002
 -4.445000340670560E-002 -1.216429078335282E-003 -3.171994831040178E-003
 -2.067124956243778E-002 -4.929497549320204E-003  7.288700274902073E-003
 -5.670719182523622E-004  5.125295323710284E-003  1.672928581454242E-002
  8.576674158956783E-003  0.594067571191305      -7.410040239844010E-002
 -6.219564192793372E-003 -8.346774781566581E-002  2.039743834244816E-002
 -9.575988900634583E-002 -0.253864368312027      -3.251012727035671E-002
  5.006989626646426E-002 -0.190889002432862       0.130049507999251     
  2.091502943235885E-003 -6.055107468673327E-002 -2.325866078470340E-002
  3.845347110807736E-002 -2.948894847935276E-003 -4.719438794886994E-003
  2.787908722404637E-003 -2.346483096082151E-003 -1.585831709331147E-002
  4.782009217958072E-002 -7.410040239844008E-002  0.441542565767450     
  2.864759454573007E-002  1.598533194523483E-002 -6.734448708407356E-002
 -1.722738983449378E-002 -2.840143476489070E-002 -5.041625663761141E-002
 -4.602777269289105E-002  0.124926846211203      -0.154723924925581     
  3.369868378329254E-003 -2.417911294486583E-002 -0.124497537197770     
 -2.557365180195889E-002  9.730753771349910E-004  2.079389543744189E-003
  8.991259225701154E-003 -1.520430342537958E-002 -4.663974946615451E-002
 -0.267799142324088      -6.219564192793371E-003  2.864759454573009E-002
  0.433327610959010      -0.144556138908582       3.884938279973965E-002
 -3.335644289697851E-002  2.351326075589777E-003  5.570565595689563E-003
 -2.214813935774427E-002  4.473800694780952E-003  3.067534829524217E-003
 -2.819374857560477E-002  9.085648484125870E-003  2.192018665127782E-002
 -8.410572174507940E-002  0.137387318728120      -9.065641275321262E-002
  2.275583940485608E-003 -2.522390881237955E-003 -7.398851668750611E-003
  3.640297315828408E-002 -8.346774781566592E-002  1.598533194523483E-002
 -0.144556138908582       0.393229269776375      -0.241127207687978     
 -2.779217400277501E-002  1.209321486382467E-002  5.479976035992802E-003
  3.094699721802146E-002 -1.927723762825467E-004 -5.787808477076371E-003
  1.334645452474843E-002  1.747186338327254E-003 -5.376701472621283E-003
  9.237134394735853E-002 -0.324153456341368       0.228434311631014     
 -7.194559370570577E-004  7.443055547845193E-004  2.392098025436026E-003
  1.185911401997205E-002  2.039743834244815E-002 -6.734448708407358E-002
  3.884938279973964E-002 -0.241127207687978       0.217599086829538     
 -3.831580980535653E-003  6.529313856455891E-004  3.996097221131547E-003
 -2.369914677240772E-002  5.810885325050109E-004  6.563526323852668E-003
  3.503332179717538E-002 -3.391541460404727E-003 -2.073812191330744E-003
 -5.688996977319898E-002  0.221710346916668      -0.162096702660260     
 -1.321121090743868E-003  1.176943971119370E-003  3.356291561140608E-003
 -0.101068560037661      -9.575988900634580E-002 -1.722738983449378E-002
 -3.335644289697853E-002 -2.779217400277497E-002 -3.831580980535676E-003
  0.122534382628464       0.113975636444197       1.754959570877586E-002
  6.361691630157755E-003  8.292236497878240E-003  2.396203387900167E-003
  3.972517900246665E-003  2.957333517243852E-003  7.433653935222558E-004
  1.599715796967898E-003 -1.521535789832688E-003  1.098651244249617E-003
 -4.330502119713809E-005 -1.516076603651800E-004 -7.288449194184993E-004
 -0.102571153920200      -0.253864368312027      -2.840143476489070E-002
  2.351326075589782E-003  1.209321486382469E-002  6.529313856455735E-004
  0.113975636444197       0.263667559036722       3.522761108468690E-002
 -9.269788044257762E-003 -1.558713248297125E-002 -6.422262072564196E-003
 -3.793480009662808E-003 -8.160290538498734E-003 -1.210297035212519E-003
 -8.413848809756359E-004  1.663010191024006E-003  3.944488231223547E-004
  1.488443353100380E-004  1.880072419264616E-004 -2.409974207873845E-004
 -2.191995296813339E-002 -3.251012727035673E-002 -5.041625663761139E-002
  5.570565595689555E-003  5.479976035992805E-003  3.996097221131549E-003
  1.754959570877586E-002  3.522761108468690E-002  4.922996279886520E-002
  9.962165989428215E-003  1.810534882293433E-002  5.088845485939904E-003
 -9.694322442594763E-003 -2.754390456501931E-002 -1.137494819472577E-002
 -1.001794531562620E-003 -3.424259291828085E-004 -2.233666962165312E-004
 -4.662573516032460E-004  1.583521820944165E-003  3.699666022617650E-003
 -7.056721681100109E-002  5.006989626646424E-002 -4.602777269289104E-002
 -2.214813935774430E-002  3.094699721802145E-002 -2.369914677240770E-002
  6.361691630157752E-003 -9.269788044257767E-003  9.962165989428211E-003
  9.126534177420192E-002 -6.854462659394100E-002  5.775263997097037E-002
  2.737252385764083E-003 -3.184808629395142E-003  2.519613503881439E-003
 -7.552878875854778E-003  1.016077934519208E-004 -2.805592058503755E-005
 -9.605074552353950E-005 -1.192780103435486E-004 -4.794440783963781E-004
  5.861213790690362E-002 -0.190889002432862       0.124926846211203     
  4.473800694780955E-003 -1.927723762824797E-004  5.810885325050088E-004
  8.292236497878237E-003 -1.558713248297124E-002  1.810534882293430E-002
 -6.854462659394102E-002  0.198290248732477      -0.135304076234745     
 -2.269664155916588E-003  5.735217532363490E-003 -9.743117333412698E-003
 -2.614773851810429E-004  2.007566996043279E-003 -6.113770152770799E-004
 -3.024069645244844E-004  6.358740312313524E-004  2.045287016793373E-003
 -5.860524448982302E-002  0.130049507999251      -0.154723924925581     
  3.067534829524215E-003 -5.787808477076357E-003  6.563526323852659E-003
  2.396203387900164E-003 -6.422262072564180E-003  5.088845485939905E-003
  5.775263997097038E-002 -0.135304076234745       0.161609844324329     
 -6.330455192172037E-003  1.822020908119973E-002 -2.210507584309494E-002
  1.938366110035284E-003 -1.036997742267180E-003  1.047820148519772E-003
 -2.190446164356522E-004  2.814274462010843E-004  2.518964486034953E-003
 -4.445000340670558E-002  2.091502943235879E-003  3.369868378329256E-003
 -2.819374857560475E-002  1.334645452474842E-002  3.503332179717537E-002
  3.972517900246660E-003 -3.793480009662810E-003 -9.694322442594756E-003
  2.737252385764055E-003 -2.269664155916573E-003 -6.330455192172033E-003
  6.456524816916190E-002 -6.417078477454345E-003 -1.754922254449867E-002
  8.217572025722218E-004 -1.120941378513997E-003  1.307853298726306E-003
  5.469763245651063E-004 -1.836793446437115E-003 -6.137043294964849E-003
 -1.216429078335278E-003 -6.055107468673326E-002 -2.417911294486583E-002
  9.085648484125873E-003  1.747186338327264E-003 -3.391541460404730E-003
  2.957333517243856E-003 -8.160290538498727E-003 -2.754390456501929E-002
 -3.184808629395140E-003  5.735217532363494E-003  1.822020908119975E-002
 -6.417078477454335E-003  5.886704774161737E-002  2.927902723061982E-002
  2.144654005862273E-004  2.538044887545600E-004 -1.085517685913441E-003
 -1.439131216770570E-003  2.108109124170255E-003  8.700840344382697E-003
 -3.171994831040178E-003 -2.325866078470340E-002 -0.124497537197770     
  2.192018665127782E-002 -5.376701472621279E-003 -2.073812191330757E-003
  7.433653935222543E-004 -1.210297035212515E-003 -1.137494819472576E-002
  2.519613503881447E-003 -9.743117333412701E-003 -2.210507584309494E-002
 -1.754922254449867E-002  2.927902723061982E-002  0.134209084577446     
 -5.020090533622401E-005  2.298056698328703E-003 -1.168604820649934E-004
 -4.411747267803291E-003  8.011692697006256E-003  2.595914933153490E-002
 -2.067124956243777E-002  3.845347110807735E-002 -2.557365180195889E-002
 -8.410572174507937E-002  9.237134394735858E-002 -5.688996977319896E-002
  1.599715796967897E-003 -8.413848809756421E-004 -1.001794531562621E-003
 -7.552878875854792E-003 -2.614773851810358E-004  1.938366110035290E-003
  8.217572025722117E-004  2.144654005862244E-004 -5.020090533622944E-005
  0.110008384617188      -0.130069676298802       8.122612874004270E-002
 -1.000074333569917E-004  1.332581089345696E-004  3.511221619793926E-004
 -4.929497549320202E-003 -2.948894847935240E-003  9.730753771349858E-004
  0.137387318728120      -0.324153456341368       0.221710346916668     
 -1.521535789832682E-003  1.663010191024021E-003 -3.424259291828168E-004
  1.016077934519222E-004  2.007566996043264E-003 -1.036997742267180E-003
 -1.120941378514016E-003  2.538044887545453E-004  2.298056698328703E-003
 -0.130069676298802       0.323595014989520      -0.222620645464902     
  1.527244948983005E-004 -4.170454760330808E-004 -9.814098557815790E-004
  7.288700274902079E-003 -4.719438794886988E-003  2.079389543744184E-003
 -9.065641275321266E-002  0.228434311631014      -0.162096702660260     
  1.098651244249625E-003  3.944488231223478E-004 -2.233666962165383E-004
 -2.805592058501911E-005 -6.113770152770863E-004  1.047820148519770E-003
  1.307853298726294E-003 -1.085517685913447E-003 -1.168604820649846E-004
  8.122612874004270E-002 -0.222620645464902       0.159011507413952     
 -2.368648841240330E-004  2.082185068394551E-004  2.982127323267563E-004
 -5.670719182523505E-004  2.787908722404625E-003  8.991259225701159E-003
  2.275583940485614E-003 -7.194559370570958E-004 -1.321121090743867E-003
 -4.330502119713003E-005  1.488443353100361E-004 -4.662573516032421E-004
 -9.605074552354230E-005 -3.024069645244823E-004 -2.190446164356547E-004
  5.469763245651151E-004 -1.439131216770562E-003 -4.411747267803290E-003
 -1.000074333569874E-004  1.527244948983014E-004 -2.368648841240167E-004
 -2.016125146720783E-003 -6.284834342609175E-004 -2.336224014990966E-003
  5.125295323710282E-003 -2.346483096082157E-003 -1.520430342537959E-002
 -2.522390881237949E-003  7.443055547844982E-004  1.176943971119359E-003
 -1.516076603651772E-004  1.880072419264723E-004  1.583521820944166E-003
 -1.192780103435496E-004  6.358740312313474E-004  2.814274462010855E-004
 -1.836793446437119E-003  2.108109124170252E-003  8.011692697006263E-003
  1.332581089345699E-004 -4.170454760330787E-004  2.082185068394508E-004
 -6.284834342609162E-004 -9.127673799971392E-004  3.942498983269026E-003
  1.672928581454243E-002 -1.585831709331148E-002 -4.663974946615453E-002
 -7.398851668750621E-003  2.392098025436032E-003  3.356291561140603E-003
 -7.288449194185009E-004 -2.409974207873836E-004  3.699666022617653E-003
 -4.794440783963707E-004  2.045287016793368E-003  2.518964486034948E-003
 -6.137043294964851E-003  8.700840344382696E-003  2.595914933153490E-002
  3.511221619793877E-004 -9.814098557815779E-004  2.982127323267405E-004
 -2.336224014990965E-003  3.942498983269024E-003  1.080746533249887E-002
 Masses in au
   21874.6618111745        29156.9463602902        1837.15258665392     
   1837.15258665392        1837.15258665392        1837.15258665392     
   1837.15258665392     
