 Coordinates, Gradient and Hessian of a Structure written by dl-find
           7           1           1
  0.000000000000000E+000
 Energy
  -116.118865018185     
 Coordinates
  -7.95459122887905       0.886427314139430      -0.575938609281362     
  -5.38993167995604       0.911396272544392      -0.194810598932614     
  -8.83266954164642      -0.951506665840730      -0.812713801312551     
  -8.59260641419339        2.42987063724947       -1.74895827872811     
  -9.22777359245316        3.53055912892369        6.63246948006401     
  -4.93586740135712      -0.585248725634479       0.740925730983123     
  -9.22899378895979        3.51824604792959        8.04461005924936     
 Gradient
 -4.232655150393425E-003  3.280437039359369E-003  5.256170227677807E-003
  2.954774203477795E-003  2.570086652041258E-003 -4.081009055105045E-003
  1.163707661433161E-003 -9.088904246964533E-004 -2.568484254308332E-003
 -3.439193578187740E-004 -1.189143130104070E-003 -1.698828302487745E-003
 -6.700170677007795E-005  1.144521291543253E-004 -3.567811085167826E-003
  5.008788501473964E-004 -3.814681665198640E-003  2.960916367488173E-003
  2.421549993992893E-005 -5.226060056716581E-005  3.699046101902546E-003
 Hessian
  0.514519190804080       3.289631968236992E-002  0.134301208873259     
 -0.333898694395784       1.804432179067924E-002 -4.731137518992301E-002
 -9.182932246464243E-002 -0.107335667455532      -2.599164793680134E-002
 -6.961673446545155E-002  6.363463748528392E-002 -6.246146290316180E-002
  1.290215864100508E-004  2.989611890517086E-005  1.133555746922476E-004
 -1.919849334498342E-002 -7.249933037026173E-003  1.435318519799244E-003
 -1.049677196282140E-004 -1.957458468027274E-005 -8.539693786434086E-005
  3.289631968236990E-002  0.607471873091509      -0.152322579518505     
 -3.191200828069560E-002 -8.862545563970772E-002  2.435421269736190E-002
 -8.887133182100385E-002 -0.292667954395815      -3.276008081662077E-002
  4.604537673154956E-002 -0.224486438457467       0.154885464502862     
  4.798105173661990E-006  1.203236517632056E-005  4.544014556180562E-005
  4.184094234337852E-002 -1.693184703670739E-003  5.824525777153263E-003
 -4.096760772447436E-006 -1.087226002550901E-005 -2.698278781383667E-005
  0.134301208873259      -0.152322579518505       0.193765662500423     
 -4.209033009503135E-002  2.929694498552680E-002 -3.394945332557868E-002
 -1.954748145632158E-002 -1.104635229355344E-002 -2.806707436887127E-002
 -4.781111909180181E-002  0.134477281564025      -0.127987499341297     
  3.001913833652014E-005  8.131952828629593E-005  1.466287436266422E-004
 -2.485753257213819E-002 -4.368553700350552E-004 -3.801919466535498E-003
 -2.476479630310627E-005 -4.975889574472124E-005 -1.063447417677431E-004
 -0.333898694395784      -3.191200828069564E-002 -4.209033009503136E-002
  0.439310827010544      -7.635648363060682E-002  0.122934262242170     
 -2.506617255480688E-002  2.654606398682579E-003 -6.380028548194284E-003
 -1.555719156864147E-002 -1.339911711639480E-003 -3.838685644351689E-003
 -1.510841544676299E-004 -7.070789296999706E-005 -1.843688341840927E-004
 -6.475926665098417E-002  0.106982464516482      -7.056909946579661E-002
  1.215823141422699E-004  4.204060074729448E-005  1.282503453879140E-004
  1.804432179067924E-002 -8.862545563970768E-002  2.929694498552682E-002
 -7.635648363060686E-002  0.428043846674999      -0.234885157813720     
 -3.139093721513125E-002  9.240197649281554E-003 -9.991290655266226E-004
  3.088894120909142E-002  4.744893678103331E-003  6.903916703280376E-004
 -3.096294619667526E-005 -5.747184639183922E-006  6.369103620910961E-005
  5.882897194299314E-002 -0.353407392839224       0.205873865649196     
  1.614884916921153E-005  9.657661186218871E-006 -4.060646201327659E-005
 -4.731137518992301E-002  2.435421269736191E-002 -3.394945332557869E-002
  0.122934262242170      -0.234885157813720       0.172237556423159     
 -8.860789191931066E-003 -1.755633092532723E-003  3.274708004881688E-003
 -2.284210066406004E-002 -2.375332646139997E-003 -2.537888369805262E-003
 -9.525084825434515E-005  2.591160072723327E-005 -1.223249977151967E-005
 -4.389356832436531E-002  0.214653578478685      -0.139022815927067     
  6.882197636476861E-005 -1.757922438032635E-005  1.012569418249842E-005
 -9.182932246464241E-002 -8.887133182100390E-002 -1.954748145632159E-002
 -2.506617255480686E-002 -3.139093721513127E-002 -8.860789191931055E-003
  0.108047676333148       0.114269410375800       2.552975387133579E-002
  7.198078747527592E-003  7.345950128587740E-003  6.611183191434935E-004
 -5.072900296934368E-006  7.297727759887157E-006 -2.021683963150674E-005
  1.650312546724391E-003 -1.354483019485118E-003  2.225359166977046E-003
  4.500292346497171E-006 -5.906176527829418E-006  1.225613042780628E-005
 -0.107335667455531      -0.292667954395815      -1.104635229355350E-002
  2.654606398682542E-003  9.240197649281577E-003 -1.755633092532699E-003
  0.114269410375800       0.293168032698537       1.977056446839876E-002
 -8.487910667883411E-003 -1.170587733957440E-002 -6.938599683703153E-003
 -1.436146917018295E-005 -2.902360827380137E-005  8.812839054736233E-006
 -1.097265088767927E-003  1.975012284327588E-003 -3.317082888673521E-005
  1.118790686993875E-005  1.961271151689117E-005 -5.621408777407185E-006
 -2.599164793680133E-002 -3.276008081662079E-002 -2.806707436887127E-002
 -6.380028548194270E-003 -9.991290655266285E-004  3.274708004881691E-003
  2.552975387133580E-002  1.977056446839875E-002  2.026126981513218E-002
  6.849287780760911E-003  1.609077444934219E-002  5.362992565695431E-003
 -1.313791533309181E-005 -2.218770100036284E-005  2.995267753974967E-005
 -2.826939245206616E-006 -2.098234379680306E-003 -8.426088647824551E-004
  8.599687477096550E-006  1.829304508719858E-005 -1.923982959533173E-005
 -6.961673446545155E-002  4.604537673154956E-002 -4.781111909180179E-002
 -1.555719156864147E-002  3.088894120909147E-002 -2.284210066406003E-002
  7.198078747527581E-003 -8.487910667883429E-003  6.849287780760905E-003
  8.475695886403885E-002 -6.790571832105136E-002  6.625679438437090E-002
  3.996912580077623E-006 -8.285316212535070E-006  2.674689567720680E-006
 -6.782475655724396E-003 -5.386994599240594E-004 -2.454735752398626E-003
 -2.632834329084753E-006  6.295824430364665E-006 -8.013464390862410E-007
  6.363463748528392E-002 -0.224486438457467       0.134477281564025     
 -1.339911711639475E-003  4.744893678103288E-003 -2.375332646139978E-003
  7.345950128587748E-003 -1.170587733957442E-002  1.609077444934221E-002
 -6.790571832105133E-002  0.228959936966888      -0.148415218875202     
  1.008169414308086E-006  5.011371147190157E-006  1.509952470837005E-005
 -1.734063119361727E-003  2.484083409683130E-003  2.155196488230366E-004
 -1.902631233438721E-006 -1.609628780706453E-006 -8.123665556503715E-006
 -6.246146290316182E-002  0.154885464502862      -0.127987499341297     
 -3.838685644351671E-003  6.903916703280271E-004 -2.537888369805250E-003
  6.611183191434927E-004 -6.938599683703166E-003  5.362992565695438E-003
  6.625679438437092E-002 -0.148415218875202       0.122295072601735     
 -1.440668071537159E-005  3.405703807769248E-005 -4.371423319540220E-005
 -6.145782021472881E-004 -2.303374645051528E-004  2.887815397432102E-003
  1.122072686183597E-005 -2.575718785746740E-005  2.322137943492370E-005
  1.290215864100513E-004  4.798105173661424E-006  3.001913833651914E-005
 -1.510841544676289E-004 -3.096294619665733E-005 -9.525084825435131E-005
 -5.072900296936246E-006 -1.436146917019090E-005 -1.313791533309540E-005
  3.996912580078064E-006  1.008169414305817E-006 -1.440668071537207E-005
  2.821208483703831E-003 -2.596090628738825E-005 -2.367880167685273E-004
 -1.770051804382525E-005  4.271636643428759E-005  4.509187828210551E-005
 -2.780369409884404E-003  2.276268063116626E-005  2.844724444526901E-004
  2.989611890516690E-005  1.203236517631158E-005  8.131952828628781E-005
 -7.070789297000180E-005 -5.747184639172571E-006  2.591160072723857E-005
  7.297727759883191E-006 -2.902360827380862E-005 -2.218770100036207E-005
 -8.285316212532846E-006  5.011371147191790E-006  3.405703807769288E-005
 -2.596090628738647E-005  2.897824089104012E-003 -3.191649999741919E-003
  4.545764284946022E-005 -3.733634786295563E-005 -3.868417296663021E-005
  2.230262596930653E-005 -2.842760684661441E-003  3.111233706617334E-003
  1.133555746922513E-004  4.544014556181732E-005  1.466287436266487E-004
 -1.843688341840942E-004  6.369103620910650E-005 -1.223249977151081E-005
 -2.021683963151048E-005  8.812839054731686E-006  2.995267753974611E-005
  2.674689567717024E-006  1.509952470836664E-005 -4.371423319539403E-005
 -2.367880167685262E-004 -3.191649999741918E-003  0.355864101539595     
  3.508900890729174E-005 -4.395980382267604E-005  3.447307337994202E-005
  2.902544158465879E-004  3.102566259143882E-003 -0.356019209301134     
 -1.919849334498341E-002  4.184094234337860E-002 -2.485753257213821E-002
 -6.475926665098419E-002  5.882897194299311E-002 -4.389356832436532E-002
  1.650312546724387E-003 -1.097265088767918E-003 -2.826939245197705E-006
 -6.782475655724398E-003 -1.734063119361718E-003 -6.145782021473004E-004
 -1.770051804382645E-005  4.545764284946102E-005  3.508900890728000E-005
  8.909870417082780E-002 -9.785024148802640E-002  6.936292305477174E-002
  8.919452182903392E-006 -3.380223306531576E-005 -2.950602578313205E-005
 -7.249933037026183E-003 -1.693184703670706E-003 -4.368553700350369E-004
  0.106982464516482      -0.353407392839224       0.214653578478685     
 -1.354483019485140E-003  1.975012284327569E-003 -2.098234379680304E-003
 -5.386994599240595E-004  2.484083409683067E-003 -2.303374645051665E-004
  4.271636643430372E-005 -3.733634786295778E-005 -4.395980382268858E-005
 -9.785024148802644E-002  0.350655960425562      -0.211880269524733     
 -3.182387845262998E-005  2.285777118638319E-005  3.607806409160753E-005
  1.435318519799249E-003  5.824525777153278E-003 -3.801919466535531E-003
 -7.056909946579656E-002  0.205873865649196      -0.139022815927067     
  2.225359166977040E-003 -3.317082888672515E-005 -8.426088647824666E-004
 -2.454735752398624E-003  2.155196488230581E-004  2.887815397432100E-003
  4.509187828210017E-005 -3.868417296662270E-005  3.447307337998237E-005
  6.936292305477171E-002 -0.211880269524733       0.140758940843426     
 -4.485740163616593E-005  3.821345141342163E-005 -1.388505585306067E-005
 -1.049677196282152E-004 -4.096760772442696E-006 -2.476479630310788E-005
  1.215823141422645E-004  1.614884916921960E-005  6.882197636477222E-005
  4.500292346495403E-006  1.118790686993613E-005  8.599687477095529E-006
 -2.632834329090894E-006 -1.902631233439518E-006  1.122072686183821E-005
 -2.780369409884405E-003  2.230262596930728E-005  2.902544158465855E-004
  8.919452182899404E-006 -3.182387845262806E-005 -4.485740163615927E-005
  2.752967905168715E-003 -1.181611154901487E-005 -3.092746086109885E-004
 -1.957458468027214E-005 -1.087226002550688E-005 -4.975889574471621E-005
  4.204060074729858E-005  9.657661186221361E-006 -1.757922438032793E-005
 -5.906176527831606E-006  1.961271151688875E-005  1.829304508719745E-005
  6.295824430364504E-006 -1.609628780702596E-006 -2.575718785746427E-005
  2.276268063116558E-005 -2.842760684661440E-003  3.102566259143892E-003
 -3.380223306531117E-005  2.285777118638018E-005  3.821345141341523E-005
 -1.181611154901334E-005  2.803114429587811E-003 -3.065977447661644E-003
 -8.539693786434042E-005 -2.698278781382170E-005 -1.063447417677407E-004
  1.282503453879100E-004 -4.060646201328630E-005  1.012569418249623E-005
  1.225613042780501E-005 -5.621408777410785E-006 -1.923982959533094E-005
 -8.013464390785933E-007 -8.123665556511774E-006  2.322137943493277E-005
  2.844724444526890E-004  3.111233706617335E-003 -0.356019209301134     
 -2.950602578312856E-005  3.607806409161453E-005 -1.388505585305193E-005
 -3.092746086109933E-004 -3.065977447661628E-003  0.356125331854692     
 Masses in au
   21874.6618111745        29156.9463602902        1837.15258665392     
   1837.15258665392        1837.15258665392        1837.15258665392     
   1837.15258665392     
