 Coordinates, Gradient and Hessian of a Structure written by dl-find
           7           1           1
  0.000000000000000E+000
 Energy
  -116.108793580279     
 Coordinates
  -7.96159928021067        1.04837537742093       7.958546048840440E-002
  -5.32440465200816       0.840135246981417      -0.396904582371730     
  -9.05064063056702      -0.558060472235890      -0.687341964521289     
  -8.64627918678108        2.78292165574978      -0.858660048491142     
  -8.36718243228457        1.23659272002456        2.08693494763360     
  -4.64453145417906      -0.380857590463200       0.756913763419752     
  -11.0657929880785        4.06399835246071        6.96065188464519     
 Gradient
  7.244719204914380E-003 -5.062705043964219E-003  8.107120456702076E-003
  3.234139942319144E-003 -1.938152853221274E-005 -8.008921163059964E-004
 -5.492158640769427E-003 -3.854471086483004E-003 -2.552659234088565E-003
 -5.460368782437798E-003  8.333901396788039E-003 -3.202811893468491E-003
  1.531417483152780E-004  5.748530415340524E-004 -2.895841071950995E-003
  3.484549547043708E-004  5.587201520571993E-007  1.290341717720454E-003
 -2.792842704600746E-005  2.724450050520718E-005  5.474214139159530E-005
 Hessian
  0.476374339663364      -7.277912314427921E-004  1.347215210026180E-002
 -0.233616624157561       3.007537586010589E-002  1.066341809256490E-002
 -9.970415923480562E-002 -8.593462395389893E-002 -4.199547904492728E-002
 -6.701218134702103E-002  5.852043050003147E-002 -3.349454727404225E-002
 -5.459204756630281E-002  2.251168828104312E-003  3.993242687024894E-002
 -2.144424379159625E-002 -4.190414455997818E-003  1.140998602288253E-002
 -5.083566077346680E-006  5.854453098674576E-006  1.204323301058630E-005
 -7.277912314427917E-004  0.549802904938119      -1.023495927847243E-002
 -8.269846140967850E-004 -7.517748217690384E-002  1.886374077862536E-002
 -8.232941023924847E-002 -0.199536755784325      -7.071544876348462E-002
  4.818114649593731E-002 -0.218155610585881       9.193908863436344E-002
  3.883680314834542E-003 -5.343781769246393E-002 -2.225507071290556E-002
  3.181247956831967E-002 -3.489377511851881E-003 -7.584283259855969E-003
  6.879705696335346E-006 -5.861186694243034E-006 -1.306739826983647E-005
  1.347215210026180E-002 -1.023495927847242E-002  0.582821582176301     
  5.001208238094242E-002  8.391657186260199E-003 -8.382633085955454E-002
 -4.143153225976585E-002 -6.972965309433550E-002 -9.022358743881091E-002
 -2.652251548287808E-002  9.068136817208655E-002 -0.105363662807197     
  3.285771411666971E-002 -2.264432017954944E-002 -0.307288200919467     
 -2.839025700914878E-002  3.537847639746905E-003  3.877816018906265E-003
  2.356153914030723E-006 -1.940445743618980E-006  2.383829829122474E-006
 -0.233616624157561      -8.269846140967853E-004  5.001208238094243E-002
  0.415607991702137      -0.145774917377671       6.275283428735429E-002
 -3.412340642432891E-002  8.478520216376460E-004  5.078489001985474E-003
 -2.254636355021379E-002  3.809228178277518E-003  2.401157234709802E-003
 -2.385962898857797E-002  3.534110380724443E-003  6.974589842534656E-003
 -0.101460200619238       0.138407631239393      -0.127223868595787     
 -1.767962216684493E-006  3.080171737233002E-006  4.715848259060123E-006
  3.007537586010589E-002 -7.517748217690381E-002  8.391657186260202E-003
 -0.145774917377671       0.300363995568507      -0.245477988716024     
 -2.237071538051441E-002  1.118179501609073E-002  7.634610472104131E-003
  3.172244628001915E-002  1.879724129808554E-003 -6.386995774687400E-003
  4.724741805724741E-003  2.195666323988443E-003 -1.126088636558973E-003
  0.101625794923170      -0.240445146395293       0.236961995211193     
 -2.726110836879091E-006  1.447533797389628E-006  2.810257716507213E-006
  1.066341809256489E-002  1.886374077862536E-002 -8.382633085955454E-002
  6.275283428735422E-002 -0.245477988716024       0.297323959347238     
 -8.196369916724129E-003  3.343019071325505E-003  7.047783561814662E-003
 -1.873922527694949E-002  4.661452235852827E-004  5.390953097725268E-003
  3.874817517881243E-002 -2.406483994792279E-003  1.629213028364958E-003
 -8.522977482868387E-002  0.225214466206924      -0.227559835619056     
  9.424636283293555E-007 -2.898569638961270E-006 -5.742556535555655E-006
 -9.970415923480562E-002 -8.232941023924846E-002 -4.143153225976583E-002
 -3.412340642432893E-002 -2.237071538051440E-002 -8.196369916724143E-003
  0.123523491369197       9.742295699035482E-002  4.518261525524302E-002
  5.928642292976644E-003  6.125086258270617E-003  3.422258853025906E-003
  4.437964169032940E-003  2.903927352510808E-003  7.725791503022562E-004
 -6.413505659552084E-005 -1.748864162163228E-003  2.565324779328761E-004
  1.602884523506495E-006 -2.980819210182724E-006 -6.083560014088177E-006
 -8.593462395389893E-002 -0.199536755784325      -6.972965309433546E-002
  8.478520216376722E-004  1.118179501609070E-002  3.343019071325487E-003
  9.742295699035480E-002  0.209824605036104       7.723090747845049E-002
 -1.180272497292694E-002 -2.081664302047390E-002 -1.178170970489805E-002
 -4.813530709161948E-004 -1.145093451277676E-003  2.557890040050906E-004
 -5.501070020398575E-005  4.954344356917148E-004  6.874623187000068E-004
  2.903685953537905E-006 -3.342231810475671E-006 -5.815073247541443E-006
 -4.199547904492729E-002 -7.071544876348460E-002 -9.022358743881093E-002
  5.078489001985479E-003  7.634610472104122E-003  7.047783561814663E-003
  4.518261525524302E-002  7.723090747845049E-002  8.780719316494442E-002
  6.977587695210750E-003  1.282768272687654E-002  6.624852522313963E-003
 -1.448111886530564E-002 -2.661495167828635E-002 -1.080148065077253E-002
 -7.645714195888011E-004 -3.624030576598021E-004 -4.512014316856800E-004
  2.477377382311718E-006 -3.971780006617652E-007 -3.559727803652011E-006
 -6.701218134702103E-002  4.818114649593730E-002 -2.652251548287809E-002
 -2.254636355021384E-002  3.172244628001916E-002 -1.873922527694951E-002
  5.928642292976644E-003 -1.180272497292692E-002  6.977587695210759E-003
  8.788234497071035E-002 -6.595409629360376E-002  3.448120519407699E-002
  2.662404541166213E-003 -4.056960623004475E-003  1.188008704474792E-003
 -6.916318128200019E-003  1.912156775472176E-003  2.622430575912299E-003
  1.471220581672363E-006 -1.967661893476666E-006 -7.491409847240222E-006
  5.852043050003147E-002 -0.218155610585881       9.068136817208652E-002
  3.809228178277500E-003  1.879724129808593E-003  4.661452235852714E-004
  6.125086258270628E-003 -2.081664302047389E-002  1.282768272687655E-002
 -6.595409629360373E-002  0.232699547320201      -0.100198192497127     
 -1.731570439966940E-003  3.383590412922732E-003 -2.173239312816390E-003
 -7.638676263174965E-004  1.005943713127906E-003 -1.617055464205990E-003
 -5.210576691467756E-006  3.448030294894080E-006  1.329115160114091E-005
 -3.349454727404223E-002  9.193908863436344E-002 -0.105363662807197     
  2.401157234709806E-003 -6.386995774687402E-003  5.390953097725257E-003
  3.422258853025910E-003 -1.178170970489805E-002  6.624852522313970E-003
  3.448120519407698E-002 -0.100198192497127       0.106339593517239     
 -8.760038230038458E-003  2.763690197118214E-002 -1.372108292606439E-002
  1.951311607847212E-003 -1.209282712099085E-003  7.244963684841777E-004
 -1.347385579415912E-006  1.900832657017323E-007  4.850227499460807E-006
 -5.459204756630281E-002  3.883680314834541E-003  3.285771411666973E-002
 -2.385962898857797E-002  4.724741805724757E-003  3.874817517881244E-002
  4.437964169032940E-003 -4.813530709162002E-004 -1.448111886530564E-002
  2.662404541166196E-003 -1.731570439966934E-003 -8.760038230038460E-003
  6.892985664308077E-002 -4.941777984588091E-003 -4.963804276600339E-002
  2.425155437361111E-003 -1.449519982020528E-003  1.278881436336528E-003
 -3.704235760992281E-006 -4.200643068755572E-006 -5.570870470060614E-006
  2.251168828104318E-003 -5.343781769246390E-002 -2.264432017954942E-002
  3.534110380724433E-003  2.195666323988450E-003 -2.406483994792279E-003
  2.903927352510818E-003 -1.145093451277672E-003 -2.661495167828635E-002
 -4.056960623004475E-003  3.383590412922735E-003  2.763690197118212E-002
 -4.941777984588095E-003  4.861106646926710E-002  2.504226221927344E-002
  3.128217682474256E-004  3.958539872424924E-004 -1.018524929781331E-003
 -3.289721994033769E-006 -3.266049678584544E-006  5.116591953232689E-006
  3.993242687024894E-002 -2.225507071290556E-002 -0.307288200919467     
  6.974589842534652E-003 -1.126088636558944E-003  1.629213028365019E-003
  7.725791503022546E-004  2.557890040050869E-004 -1.080148065077253E-002
  1.188008704474794E-003 -2.173239312816395E-003 -1.372108292606440E-002
 -4.963804276600337E-002  2.504226221927345E-002  0.328995012912841     
  7.746606075905489E-004  2.518656213491972E-004  1.189968048961472E-003
 -4.222409142859976E-006  4.481817660958958E-006 -3.429493871202536E-006
 -2.144424379159627E-002  3.181247956831967E-002 -2.839025700914877E-002
 -0.101460200619238       0.101625794923170      -8.522977482868388E-002
 -6.413505659552089E-005 -5.501070020399155E-005 -7.645714195888074E-004
 -6.916318128200021E-003 -7.638676263174892E-004  1.951311607847214E-003
  2.425155437361101E-003  3.128217682474274E-004  7.746606075905463E-004
  0.127459953558200      -0.132931931511771       0.111658224698695     
 -2.113999326384618E-007 -2.864214469388521E-007  4.063432899906573E-007
 -4.190414455997816E-003 -3.489377511851852E-003  3.537847639746899E-003
  0.138407631239393      -0.240445146395293       0.225214466206924     
 -1.748864162163226E-003  4.954344356917022E-004 -3.624030576598047E-004
  1.912156775472182E-003  1.005943713127936E-003 -1.209282712099078E-003
 -1.449519982020543E-003  3.958539872424994E-004  2.518656213492136E-004
 -0.132931931511771       0.242038669027051      -0.227430960505577     
  9.420970890601617E-007 -1.377255964109780E-006 -1.533192686440849E-006
  1.140998602288253E-002 -7.584283259855971E-003  3.877816018906249E-003
 -0.127223868595787       0.236961995211193      -0.227559835619056     
  2.565324779328766E-004  6.874623186999934E-004 -4.512014316856775E-004
  2.622430575912314E-003 -1.617055464206002E-003  7.244963684841859E-004
  1.278881436336521E-003 -1.018524929781350E-003  1.189968048961463E-003
  0.111658224698695      -0.227430960505577       0.222216550113681     
 -2.186615974144185E-006  1.366629523643319E-006  2.206500710697163E-006
 -5.083566077345324E-006  6.879705696330763E-006  2.356153914053591E-006
 -1.767962216691747E-006 -2.726110836871053E-006  9.424636283373378E-007
  1.602884523509644E-006  2.903685953542719E-006  2.477377382305281E-006
  1.471220581667261E-006 -5.210576691465652E-006 -1.347385579416011E-006
 -3.704235760985973E-006 -3.289721994036376E-006 -4.222409142857483E-006
 -2.113999326436451E-007  9.420970890603358E-007 -2.186615974157500E-006
  7.693058882489695E-006  5.009207834391637E-007  1.980415771734865E-006
  5.854453098675295E-006 -5.861186694249866E-006 -1.940445743627220E-006
  3.080171737235124E-006  1.447533797394495E-006 -2.898569638950880E-006
 -2.980819210185327E-006 -3.342231810470207E-006 -3.971780006630269E-007
 -1.967661893474962E-006  3.448030294893834E-006  1.900832657051773E-007
 -4.200643068751898E-006 -3.266049678583856E-006  4.481817660979728E-006
 -2.864214469378376E-007 -1.377255964108561E-006  1.366629523637888E-006
  5.009207834396828E-007  8.951160055124215E-006 -8.023370670817628E-007
  1.204323301058863E-005 -1.306739826982764E-005  2.383829829100282E-006
  4.715848259071931E-006  2.810257716501922E-006 -5.742556535596417E-006
 -6.083560014086635E-006 -5.815073247535518E-006 -3.559727803656313E-006
 -7.491409847231525E-006  1.329115160113611E-005  4.850227499457988E-006
 -5.570870470060499E-006  5.116591953229247E-006 -3.429493871196635E-006
  4.063432899853689E-007 -1.533192686428835E-006  2.206500710698321E-006
  1.980415771732640E-006 -8.023370670754412E-007  3.291220171192894E-006
 Masses in au
   21874.6618111745        29156.9463602902        1837.15258665392     
   1837.15258665392        1837.15258665392        1837.15258665392     
   1837.15258665392     
