 Coordinates, Gradient and Hessian of a Structure written by dl-find
           7           1           1
  0.000000000000000E+000
 Energy
  -116.093531324391     
 Coordinates
  -7.97968490924380        1.09238484374209       3.655695127827350E-002
  -5.41587479245605       0.893510198646933      -0.233759944166892     
  -9.02420505529850      -0.666541743136031      -0.142526964415275     
  -8.69669709416353        2.59994906052806       -1.14071762672403     
  -8.60341017050134        1.91660424584543        2.54153496374163     
  -4.81433265455611      -0.534796236254081       0.681095473035056     
  -8.96874082183381        2.45826850468537        4.24222168663169     
 Gradient
  5.219884756217837E-003  6.956184764201895E-004  5.280117511631390E-004
 -5.544284362681773E-003 -6.678949293888609E-003  3.049315154298727E-003
  1.521524246167331E-003  1.769996078399992E-003 -2.117541866158907E-003
  1.153652171501429E-003 -2.837205265172110E-003 -1.168564686458644E-005
  3.326118139853625E-003 -4.798215568666836E-003 -1.478432484518703E-002
 -1.804782805280226E-003  6.311184208566845E-003 -3.686994447791472E-003
 -3.872112145778749E-003  5.537571364340564E-003  1.702321990054131E-002
 Hessian
  0.545687325699958       1.694815463731079E-002  8.037001050529863E-002
 -0.325627631639559       4.091192435550930E-002  2.025042669252578E-002
 -0.109765164106632      -0.114834775563986      -2.326762653452711E-002
 -7.611793902136799E-002  6.737463720193150E-002 -6.486941347557258E-002
 -1.240100370096202E-002 -1.311141905962396E-002 -3.955297775411536E-002
 -2.153322622859360E-002 -3.648967438593788E-003  7.262043341235609E-003
 -2.423610028451640E-004  6.360445867451819E-003  1.980753722515749E-002
  1.694815463731079E-002  0.584975742167018      -0.157553054615675     
 -6.484353441242841E-003 -8.640196128661549E-002  2.804664523156138E-002
 -0.104416836417999      -0.268125424624727      -2.532882045124320E-002
  5.802919743182897E-002 -0.210002131784949       0.147019827668465     
 -1.139769625866977E-002 -1.263872480058350E-002  4.114011828504500E-002
  4.109704638879511E-002 -3.570649388071177E-003 -5.776011385627161E-003
  6.224487659977582E-003 -4.236850282071871E-003 -2.754870473252862E-002
  8.037001050529861E-002 -0.157553054615675       0.189810139913754     
  1.875431810186642E-002  2.392429903224328E-002 -4.568138423443776E-002
 -1.081610449105583E-002 -9.736442065287513E-003 -3.161728083302556E-002
 -4.785738119300486E-002  0.129698557918491      -0.135536666507352     
 -3.695578535334895E-002  4.183503124060480E-002  0.101945187578698     
 -2.395962688656150E-002 -1.570006907703985E-004  2.147397914918192E-003
  2.046456931680929E-002 -2.801139081960633E-002 -8.106739383256249E-002
 -0.325627631639559      -6.484353441242861E-003  1.875431810186641E-002
  0.478058783967333      -0.156164063780734       5.132163157232998E-002
 -3.223559196859760E-002  2.998491119002984E-003  6.177789410763632E-003
 -2.188841447771462E-002  3.662374123797456E-003  2.712306927495217E-003
 -1.453518881937027E-002  6.057431524796336E-003  1.577575889688107E-002
 -8.682748562891163E-002  0.150920376016259      -9.322742513941611E-002
  3.055528566820721E-003 -9.902555618778806E-004 -1.514379769921426E-003
  4.091192435550932E-002 -8.640196128661551E-002  2.392429903224326E-002
 -0.156164063780734       0.426934536812349      -0.249269039266397     
 -2.898318653098434E-002  1.256014837914769E-002  5.885019084418676E-003
  3.253688598614825E-002  9.142110169112562E-004 -6.471772324311992E-003
  7.392299950471691E-003 -2.323740777083822E-004 -6.173459200362610E-003
  0.105478907048201      -0.354430968986564       0.230350349951818     
 -1.172767028612603E-003  6.564081424771284E-004  1.754602722592973E-003
  2.025042669252576E-002  2.804664523156143E-002 -4.568138423443776E-002
  5.132163157233000E-002 -0.249269039266397       0.188149599010332     
 -3.254310019811915E-003 -9.090946033517224E-004  5.462756139127508E-003
 -2.270802408910971E-002  2.587109044088500E-004  5.373249410354187E-003
  1.874177541823316E-002 -4.123471719144283E-003 -8.604957439557826E-003
 -6.144965484364116E-002  0.224345469055303      -0.148822236825020     
 -2.901844730525876E-003  1.650780397621173E-003  4.122973939201335E-003
 -0.109765164106632      -0.104416836417999      -1.081610449105582E-002
 -3.223559196859757E-002 -2.898318653098434E-002 -3.254310019811936E-003
  0.130991581940915       0.124548994537584       1.188388484208682E-002
  7.545320711267977E-003  8.722472586787931E-003  8.616388529884835E-004
  1.688493918481396E-003  1.573846767438318E-003  5.114205691756089E-004
  1.823582967442784E-003 -1.401546112676101E-003  1.489985060296878E-003
 -4.822346287744182E-005 -4.374483015147127E-005 -6.765148136800759E-004
 -0.114834775563986      -0.268125424624728      -9.736442065287509E-003
  2.998491119002960E-003  1.256014837914774E-002 -9.090946033517274E-004
  0.124548994537584       0.270544101516617       1.644050051625633E-002
 -1.050832766332209E-002 -1.391667112123717E-002 -5.489157076438453E-003
 -1.671420856199152E-003 -3.274618543944724E-003  3.210667577449084E-005
 -9.428461452615663E-004  1.752687388999970E-003  3.462155689601896E-004
  4.098845721813269E-004  4.597770051447958E-004 -6.841290159133416E-004
 -2.326762653452712E-002 -2.532882045124318E-002 -3.161728083302555E-002
  6.177789410763639E-003  5.885019084418673E-003  5.462756139127505E-003
  1.188388484208682E-002  1.644050051625633E-002  3.118612215568416E-002
  8.830624958312407E-003  1.686013192505788E-002  5.376461909268999E-003
 -2.247025979729895E-003 -1.491766021796664E-002 -1.291701581655912E-002
 -8.510120045648782E-004 -9.838743362244543E-004 -1.014816351565761E-003
 -5.266346923412845E-004  2.044703479701385E-003  3.523772797070432E-003
 -7.611793902136803E-002  5.802919743182898E-002 -4.785738119300487E-002
 -2.188841447771457E-002  3.253688598614819E-002 -2.270802408910969E-002
  7.545320711267990E-003 -1.050832766332210E-002  8.830624958312409E-003
  9.674523367064991E-002 -7.861491151882408E-002  6.105714395504355E-002
  1.087481506813487E-003 -1.483656210207696E-003  1.213192645501929E-003
 -7.248056332944593E-003  1.545742283537880E-004 -8.117369176596140E-005
 -1.236260567042047E-004 -1.137622539770792E-004 -4.543825849774411E-004
  6.737463720193153E-002 -0.210002131784949       0.129698557918491     
  3.662374123797456E-003  9.142110169113358E-004  2.587109044088371E-004
  8.722472586787929E-003 -1.391667112123717E-002  1.686013192505786E-002
 -7.861491151882406E-002  0.218249302963202      -0.140869438416482     
 -6.212548758398024E-005  1.342256470362058E-003 -8.236782939153866E-003
 -6.342634585875510E-004  2.588830310312916E-003  1.488971088929964E-004
 -4.481834475214964E-004  8.242021453969380E-004  2.139923498785242E-003
 -6.486941347557257E-002  0.147019827668465      -0.135536666507352     
  2.712306927495212E-003 -6.471772324311995E-003  5.373249410354180E-003
  8.616388529884769E-004 -5.489157076438441E-003  5.376461909268993E-003
  6.105714395504355E-002 -0.140869438416482       0.134821382383416     
 -1.337973316563732E-003  6.182278259025654E-003 -1.531003237474989E-002
  1.820646485182987E-003 -2.561863532912367E-004  2.252176251567877E-003
 -2.443494285743243E-004 -1.155517569668892E-004  3.023428927495445E-003
 -1.240100370096200E-002 -1.139769625866976E-002 -3.695578535334894E-002
 -1.453518881937029E-002  7.392299950471692E-003  1.874177541823317E-002
  1.688493918481403E-003 -1.671420856199159E-003 -2.247025979729895E-003
  1.087481506813494E-003 -6.212548758398330E-005 -1.337973316563728E-003
  4.369336388571733E-002  9.387844711861602E-003  3.048802179503389E-002
  2.481052403312588E-004 -8.539559343133956E-004  6.291737120855373E-004
 -1.978125203101032E-002 -2.794946125567000E-003 -9.318186275711658E-003
 -1.311141905962395E-002 -1.263872480058353E-002  4.183503124060482E-002
  6.057431524796333E-003 -2.323740777083517E-004 -4.123471719144284E-003
  1.573846767438312E-003 -3.274618543944713E-003 -1.491766021796664E-002
 -1.483656210207694E-003  1.342256470362055E-003  6.182278259025640E-003
  9.387844711861607E-003  3.164371121441063E-002 -4.143155260330000E-002
  2.044695099518539E-004  5.174525574329366E-004 -4.042036713904798E-004
 -2.628517244217548E-003 -1.735770281996901E-002  1.285957871217319E-002
 -3.955297775411535E-002  4.114011828504501E-002  0.101945187578698     
  1.577575889688106E-002 -6.173459200362626E-003 -8.604957439557831E-003
  5.114205691756103E-004  3.210667577449431E-005 -1.291701581655912E-002
  1.213192645501918E-003 -8.236782939153855E-003 -1.531003237474989E-002
  3.048802179503389E-002 -4.143155260330000E-002 -8.269851786004731E-002
 -4.611625716710882E-005  2.445273158143723E-003  4.826345952205381E-004
 -8.389299895311956E-003  1.222429662385326E-002  1.710270131699932E-002
 -2.153322622859360E-002  4.109704638879508E-002 -2.395962688656147E-002
 -8.682748562891164E-002  0.105478907048201      -6.144965484364120E-002
  1.823582967442781E-003 -9.428461452615516E-004 -8.510120045648820E-004
 -7.248056332944576E-003 -6.342634585875379E-004  1.820646485182979E-003
  2.481052403312660E-004  2.044695099518555E-004 -4.611625716712171E-005
  0.113638086412451      -0.145237389966241       8.431990724793119E-002
 -1.010064297754921E-004  3.407662314059718E-005  1.658562588209458E-004
 -3.648967438593798E-003 -3.570649388071234E-003 -1.570006907704016E-004
  0.150920376016259      -0.354430968986564       0.224345469055303     
 -1.401546112676130E-003  1.752687388999982E-003 -9.838743362244489E-004
  1.545742283538251E-004  2.588830310312912E-003 -2.561863532912563E-004
 -8.539559343133835E-004  5.174525574329438E-004  2.445273158143718E-003
 -0.145237389966241       0.353498136038648      -0.224818660310582     
  6.690920721160275E-005 -3.554879207563201E-004 -5.750205225797723E-004
  7.262043341235616E-003 -5.776011385627154E-003  2.147397914918194E-003
 -9.322742513941616E-002  0.230350349951818      -0.148822236825020     
  1.489985060296891E-003  3.462155689601965E-004 -1.014816351565756E-003
 -8.117369176595279E-005  1.488971088930199E-004  2.252176251567877E-003
  6.291737120855313E-004 -4.042036713904675E-004  4.826345952205246E-004
  8.431990724793120E-002 -0.224818660310582       0.145212950368234     
 -3.925105303675544E-004  1.534127379268950E-004 -2.581059533545268E-004
 -2.423610028451646E-004  6.224487659977593E-003  2.046456931680927E-002
  3.055528566820716E-003 -1.172767028612599E-003 -2.901844730525876E-003
 -4.822346287743980E-005  4.098845721813169E-004 -5.266346923412840E-004
 -1.236260567042016E-004 -4.481834475214919E-004 -2.443494285743159E-004
 -1.978125203101032E-002 -2.628517244217547E-003 -8.389299895311956E-003
 -1.010064297754842E-004  6.690920721157916E-005 -3.925105303675527E-004
  1.724094041639174E-002 -2.451813719018845E-003 -8.009930039688183E-003
  6.360445867451806E-003 -4.236850282071876E-003 -2.801139081960631E-002
 -9.902555618778756E-004  6.564081424771197E-004  1.650780397621179E-003
 -4.374483015146758E-005  4.597770051447909E-004  2.044703479701385E-003
 -1.137622539770833E-004  8.242021453969304E-004 -1.155517569668877E-004
 -2.794946125566998E-003 -1.735770281996902E-002  1.222429662385327E-002
  3.407662314059630E-005 -3.554879207563192E-004  1.534127379269019E-004
 -2.451813719018845E-003  2.000965372977834E-002  1.205374933747033E-002
  1.980753722515749E-002 -2.754870473252865E-002 -8.106739383256246E-002
 -1.514379769921425E-003  1.754602722592965E-003  4.122973939201326E-003
 -6.765148136800798E-004 -6.841290159133378E-004  3.523772797070433E-003
 -4.543825849774457E-004  2.139923498785262E-003  3.023428927495445E-003
 -9.318186275711666E-003  1.285957871217318E-002  1.710270131699931E-002
  1.658562588209423E-004 -5.750205225797845E-004 -2.581059533545198E-004
 -8.009930039688187E-003  1.205374933747033E-002  5.355262280515148E-002
 Masses in au
   21874.6618111745        29156.9463602902        1837.15258665392     
   1837.15258665392        1837.15258665392        1837.15258665392     
   1837.15258665392     
