 Coordinates, Gradient and Hessian of a Structure written by dl-find
           7           1           1
  0.000000000000000E+000
 Energy
  -116.119231913579     
 Coordinates
  -7.94598919310675       0.998987937988090      -0.343614479433406     
  -5.34674178808885       0.879263360358062      -0.277958383154402     
  -9.03634371452156      -0.739454011857581      -7.233117777252100E-002
  -8.59147692456661        2.48731265864019       -1.58400366032496     
  -9.31709605854797        2.78295472596639        5.53439391344742     
  -4.86150344461266      -0.556017110794636       0.720013448806719     
  -9.79936847602578        3.13685593249261        6.81163427605876     
 Gradient
 -4.763995788565571E-003  3.035925670291808E-003  2.153556858454488E-003
  8.390441993539405E-003  2.652482919768931E-003 -2.113634632725576E-003
 -5.402085227001192E-003 -7.442524366527492E-003  1.133526846055663E-003
  2.432309007291372E-003  1.995033516626322E-003 -1.657572911205884E-003
  9.760849249162594E-004 -7.870370708226254E-004 -2.224097673627570E-003
 -6.221663357178594E-004 -2.498286735751216E-004  3.124419413053406E-004
 -1.010588574445870E-003  7.959480042562134E-004  2.395779571732040E-003
 Hessian
  0.538723440822485       2.306266288521994E-002  6.066562489870176E-002
 -0.328411055580066       3.675205919959973E-002 -1.104418273150878E-002
 -0.117872694886322      -0.115857617292297       8.666451857397256E-003
 -7.307645213267365E-002  6.220210996398642E-002 -6.224444374909548E-002
  1.829873141097810E-004  1.241817265896750E-005  2.038662710347452E-004
 -1.942130205668233E-002 -6.162101748610128E-003  3.987159018759681E-003
 -1.249234808505734E-004 -9.531180558160609E-006 -2.344755652891062E-004
  2.306266288521995E-002  0.538929162492042      -0.237113377951287     
 -1.109667019785904E-002 -8.135395596867853E-002  3.775089521114937E-002
 -0.101608667859825      -0.250385305625213       3.638751381123373E-002
  4.880480459667840E-002 -0.203729577766667       0.162662932591833     
  3.147806294867471E-005 -7.479252076036971E-005  2.321737988927942E-005
  4.080353716149158E-002 -3.438037176388928E-003  3.828482635829227E-004
  2.855351345404505E-006  5.250656566580593E-005 -9.402930640185089E-005
  6.066562489870179E-002 -0.237113377951287       0.200124856758895     
  2.033379577446819E-003  3.697441848516077E-002 -3.147549391699499E-002
  1.241788769335519E-002  5.578656195397976E-002 -2.651890151634064E-002
 -4.841280908583281E-002  0.142830089840595      -0.139846682307900     
  3.596024914719253E-005 -5.481429537309678E-005  1.658295329379863E-004
 -2.685541989863606E-002  1.610063699861599E-003 -2.110780969765822E-003
  1.153765658153911E-004 -3.294173293979755E-005 -3.388275808292808E-004
 -0.328411055580066      -1.109667019785902E-002  2.033379577446820E-003
  0.440807317140823      -0.109566902635700       8.317836470933253E-002
 -2.453478780423505E-002  5.310664622661954E-003 -3.321859817931690E-003
 -1.866853844353912E-002 -3.959772053835361E-004 -1.691087403616737E-003
 -2.932338288832616E-004 -1.508987813714084E-004 -4.964737497142568E-004
 -6.911074077500452E-002  0.115791037679602      -8.009132409875451E-002
  2.110392908798340E-004  1.087465180230743E-004  3.890007832556661E-004
  3.675205919959973E-002 -8.135395596867850E-002  3.697441848516080E-002
 -0.109566902635700       0.404732154660177      -0.262072687287691     
 -2.624021628629598E-002  1.074056269008584E-002  5.277394813116585E-004
  2.993673548275938E-002  1.579340737758813E-003 -2.902363002529771E-003
 -5.398933008765253E-005 -6.192037277268534E-005  9.854949381530052E-005
  6.922023049901241E-002 -0.335685589788053       0.227417837614515     
 -4.791692920699727E-005  4.940804156853628E-005 -4.349478463837488E-005
 -1.104418273150880E-002  3.775089521114943E-002 -3.147549391699497E-002
  8.317836470933257E-002 -0.262072687287691       0.192320134843842     
  1.115403903343347E-003 -3.458119657290721E-003  2.574048306033302E-003
 -2.404142259999014E-002 -7.960745794786260E-004  6.199075606492955E-004
 -1.944854113113181E-004  5.087898571187196E-005  2.269408483775964E-005
 -4.895638632339473E-002  0.228540030093351      -0.164112845528907     
 -5.729154652952010E-005 -1.492276581582676E-005  5.155465058110583E-005
 -0.117872694886322      -0.101608667859825       1.241788769335517E-002
 -2.453478780423502E-002 -2.624021628629600E-002  1.115403903343355E-003
  0.132416434023113       0.121508992015991      -1.426083898933779E-002
  8.108872263299855E-003  7.892533016514198E-003 -1.243843071452071E-003
  1.077455132883354E-005  2.743485172378886E-005  1.231084640403973E-005
  1.857483434046135E-003 -1.557947461224465E-003  1.955253105814691E-003
  1.391841876971578E-005 -2.212827688241110E-005  3.826511872146102E-006
 -0.115857617292297      -0.250385305625213       5.578656195397979E-002
  5.310664622661923E-003  1.074056269008578E-002 -3.458119657290698E-003
  0.121508992015991       0.246330446763464      -4.786765257714872E-002
 -9.692330098632570E-003 -8.437659469633657E-003 -3.863024791309172E-003
 -3.541567559984285E-005 -1.223654120965785E-004 -7.502691717848375E-005
 -1.269905032448936E-003  1.785744941761377E-003 -5.547381348676089E-004
  3.561146032568076E-005  8.857611163155617E-005  3.200012381479788E-005
  8.666451857397259E-003  3.638751381123372E-002 -2.651890151634065E-002
 -3.321859817931697E-003  5.277394813116474E-004  2.574048306033299E-003
 -1.426083898933780E-002 -4.786765257714869E-002  2.338267566068731E-002
  9.154772936059607E-003  1.292998591230676E-002  1.101279552822571E-003
 -3.430433481708746E-005 -8.746395189429207E-005  2.571363925378335E-006
 -2.328237396940632E-004 -1.957264678106674E-003 -5.212376226414240E-004
  2.860208832351314E-005  6.714200229723636E-005 -2.043574448629993E-005
 -7.307645213267368E-002  4.880480459667842E-002 -4.841280908583282E-002
 -1.866853844353908E-002  2.993673548275943E-002 -2.404142259999014E-002
  8.108872263299871E-003 -9.692330098632585E-003  9.154772936059610E-003
  9.082287713308435E-002 -6.892660157018791E-002  6.444476545027508E-002
  1.400114295347269E-005 -1.723216227313495E-005  5.525303099131862E-006
 -7.197104947459891E-003 -1.145323251542605E-004 -1.149998858107959E-003
 -3.655015665478305E-006  9.156076809569738E-006 -8.331455025914448E-007
  6.220210996398642E-002 -0.203729577766667       0.142830089840595     
 -3.959772053835283E-004  1.579340737758765E-003 -7.960745794786004E-004
  7.892533016514191E-003 -8.437659469633643E-003  1.292998591230677E-002
 -6.892660157018793E-002  0.207884619990577      -0.155879964060019     
 -1.988179048176129E-005  6.326180769200912E-005  1.246961096256176E-004
 -7.958625771794811E-004  2.699732314436200E-003  8.397209116642580E-004
  4.368016273175264E-005 -5.971761416337587E-005 -4.845413469317177E-005
 -6.224444374909553E-002  0.162662932591833      -0.139846682307900     
 -1.691087403616734E-003 -2.902363002529780E-003  6.199075606492745E-004
 -1.243843071452071E-003 -3.863024791309168E-003  1.101279552822577E-003
  6.444476545027507E-002 -0.155879964060019       0.135006696127401     
 -1.612541792351822E-005  1.149241591187091E-004 -4.717769473032919E-005
  7.234595473091707E-004 -3.859140197253297E-005  3.129895516185873E-003
  2.727464450496082E-005 -9.391349511979860E-005  3.608124557102542E-005
  1.829873141097803E-004  3.147806294868842E-005  3.596024914720111E-005
 -2.932338288832619E-004 -5.398933008765071E-005 -1.944854113113237E-004
  1.077455132883409E-005 -3.541567559984972E-005 -3.430433481708540E-005
  1.400114295347735E-005 -1.988179048176342E-005 -1.612541792351539E-005
  4.409144956249083E-002 -3.057429185364256E-002 -0.110051334421767     
 -1.282386506202918E-005  8.676263649496385E-005  9.809997132480517E-005
 -4.399315487615298E-002  3.056533795122371E-002  0.110162189364801     
  1.241817265897139E-005 -7.479252076036530E-005 -5.481429537308566E-005
 -1.508987813714035E-004 -6.192037277269871E-005  5.087898571187715E-005
  2.743485172378676E-005 -1.223654120965791E-004 -8.746395189428974E-005
 -1.723216227314014E-005  6.326180769202688E-005  1.149241591187052E-004
 -3.057429185364256E-002  2.506080218072796E-002  8.079502480489351E-002
  1.188339066610960E-004 -1.581963299479512E-005  2.057073905470666E-005
  3.058373586566735E-002 -2.484916605042346E-002 -8.083912044111118E-002
  2.038662710347461E-004  2.321737988927269E-005  1.658295329379919E-004
 -4.964737497142547E-004  9.854949381528286E-005  2.269408483777485E-005
  1.231084640403537E-005 -7.502691717848475E-005  2.571363925376966E-006
  5.525303099131638E-006  1.246961096256293E-004 -4.717769473032282E-005
 -0.110051334421767       8.079502480489351E-002  0.293635447685725     
  1.258988088183619E-004 -8.594536004656975E-005  1.490505577257407E-004
  0.110200206940031      -8.088051551328115E-002 -0.293928415528967     
 -1.942130205668235E-002  4.080353716149158E-002 -2.685541989863606E-002
 -6.911074077500454E-002  6.922023049901238E-002 -4.895638632339472E-002
  1.857483434046145E-003 -1.269905032448953E-003 -2.328237396940741E-004
 -7.197104947459917E-003 -7.958625771794717E-004  7.234595473091717E-004
 -1.282386506202204E-005  1.188339066610903E-004  1.258988088183845E-004
  9.384094313134726E-002 -0.107988550506358       7.526131129955944E-002
  4.354507884162675E-005 -8.828345115080703E-005 -6.603969398048602E-005
 -6.162101748610127E-003 -3.438037176388960E-003  1.610063699861592E-003
  0.115791037679602      -0.335685589788053       0.228540030093351     
 -1.557947461224463E-003  1.785744941761391E-003 -1.957264678106683E-003
 -1.145323251542587E-004  2.699732314436215E-003 -3.859140197250165E-005
  8.676263649496739E-005 -1.581963299480183E-005 -8.594536004660083E-005
 -0.107988550506358       0.334649073764176      -0.228119855769470     
 -5.466827483128587E-005  4.895576976597419E-006  5.156341643934859E-005
  3.987159018759682E-003  3.828482635828776E-004 -2.110780969765823E-003
 -8.009132409875452E-002  0.227417837614514      -0.164112845528907     
  1.955253105814701E-003 -5.547381348675968E-004 -5.212376226414252E-004
 -1.149998858107980E-003  8.397209116642579E-004  3.129895516185873E-003
  9.809997132479834E-005  2.057073905471631E-005  1.490505577257183E-004
  7.526131129955942E-002 -0.228119855769470       0.163524176093846     
 -6.050043853840470E-005  1.361637558318374E-005 -5.825804648403972E-005
 -1.249234808505788E-004  2.855351345415013E-006  1.153765658153993E-004
  2.110392908798439E-004 -4.791692920697872E-005 -5.729154652953612E-005
  1.391841876971483E-005  3.561146032567330E-005  2.860208832351247E-005
 -3.655015665479142E-006  4.368016273174766E-005  2.727464450496560E-005
 -4.399315487615299E-002  3.058373586566737E-002  0.110200206940031     
  4.354507884164073E-005 -5.466827483128762E-005 -6.050043853841869E-005
  4.385323058339234E-002 -3.056329763688841E-002 -0.110253668253061     
 -9.531180558162347E-006  5.250656566581614E-005 -3.294173293979797E-005
  1.087465180230721E-004  4.940804156852813E-005 -1.492276581582341E-005
 -2.212827688240813E-005  8.857611163155352E-005  6.714200229723840E-005
  9.156076809569024E-006 -5.971761416337907E-005 -9.391349511979473E-005
  3.056533795122371E-002 -2.484916605042346E-002 -8.088051551328115E-002
 -8.828345115080528E-005  4.895576976593922E-006  1.361637558318199E-005
 -3.056329763688840E-002  2.471349736937300E-002  8.094153512887543E-002
 -2.344755652891080E-004 -9.402930640185555E-005 -3.388275808292865E-004
  3.890007832556597E-004 -4.349478463838625E-005  5.155465058112240E-005
  3.826511872143136E-006  3.200012381479398E-005 -2.043574448629993E-005
 -8.331455025946564E-007 -4.845413469315746E-005  3.608124557101860E-005
  0.110162189364801      -8.083912044111118E-002 -0.293928415528967     
 -6.603969398049301E-005  5.156341643935558E-005 -5.825804648405896E-005
 -0.110253668253061       8.094153512887542E-002  0.294258301003158     
 Masses in au
   21874.6618111745        29156.9463602902        1837.15258665392     
   1837.15258665392        1837.15258665392        1837.15258665392     
   1837.15258665392     
