 Coordinates, Gradient and Hessian of a Structure written by dl-find
           7           1           1
  0.000000000000000E+000
 Energy
  -116.097092487613     
 Coordinates
  -7.97439915479329        1.08923977165601       2.890790466238280E-002
  -5.42158573540584       0.896499368283274      -0.227207127988504     
  -9.02962309061546      -0.665644878861529      -0.104882853387484     
  -8.70427716575620        2.61394116366269       -1.11533576304309     
  -8.60952022372247        1.94712408735178        2.62479405286389     
  -4.81995005603607      -0.548116352587166       0.662031343535565     
  -8.91631659165271        2.41618561469766        4.10208031315643     
 Gradient
  4.029602541140062E-003  6.801086572952628E-003  1.943745534653233E-002
 -8.379384211594480E-003 -6.675175210012247E-003  2.618517752875057E-003
  1.393451999048519E-003  1.824138873714616E-003 -2.339471472138458E-003
  1.103261809018355E-003 -3.007738212387475E-003 -1.414015592722636E-004
  3.553606673097569E-003 -4.980072141220954E-003 -1.499859580119839E-002
 -1.684814575079428E-003  6.330584671754006E-003 -3.491338512981242E-003
 -1.572423563111058E-005 -2.928245548018729E-004 -1.085165753815423E-003
 Hessian
  0.562478461503305       9.989990996382472E-003  6.145417952252775E-002
 -0.346809267412916       4.387269329493013E-002  2.451421333928195E-002
 -0.112310593804040      -0.116922519762365      -1.969127160871714E-002
 -7.803901543548768E-002  7.046106308259234E-002 -6.426408212177512E-002
 -5.956668517910137E-003 -7.455828430045833E-003 -2.243256215119357E-002
 -2.155902886960119E-002 -4.243110593249577E-003  6.899435269334923E-003
  2.196112536648669E-003  4.297711411751910E-003  1.352008775054525E-002
  9.989990996382470E-003  0.581531939378298      -0.156258171621770     
 -3.979405327139707E-003 -8.628197975770521E-002  2.942670072910917E-002
 -0.106008880140866      -0.269699906897953      -2.128420390208340E-002
  6.054998426339796E-002 -0.215111801214912       0.149206893647583     
 -7.896432624235264E-003 -4.631072833794173E-003  2.997106438786686E-002
  4.171118139526352E-002 -3.464697316617756E-003 -5.889522052588288E-003
  5.633561437199058E-003 -2.342481357309706E-003 -2.517276118812338E-002
  6.145417952252773E-002 -0.156258171621770       0.187036919963769     
  2.386084648971318E-002  2.428049609237504E-002 -3.877990145701818E-002
 -7.460808585068304E-003 -1.971047843816241E-003 -2.814341614520377E-002
 -4.769065995089408E-002  0.128426740683741      -0.128655792734502     
 -2.561301812647004E-002  3.045201000320205E-002  7.862654332454834E-002
 -2.329253627087923E-002  5.726137427479317E-004  1.931307522654108E-003
  1.874199692107568E-002 -2.550264105646513E-002 -7.201566047426432E-002
 -0.346809267412916      -3.979405327139712E-003  2.386084648971319E-002
  0.493604628400444      -0.157684023468374       5.022746631520436E-002
 -3.156728964922138E-002  2.971894690540092E-003  4.851549036500792E-003
 -2.155794243927631E-002  3.097461233891313E-003  1.847807490383634E-003
 -9.700551131911300E-003  2.654067202484426E-003  6.238350263944041E-003
 -8.660026353366336E-002  0.152502593432779      -9.012984967765239E-002
  2.630685766544767E-003  4.374122358220844E-004  3.103830081904508E-003
  4.387269329493013E-002 -8.628197975770516E-002  2.428049609237504E-002
 -0.157684023468374       0.434829493538236      -0.246639646361245     
 -2.909930442293923E-002  1.264994289137166E-002  6.244400069469910E-003
  3.270139747404861E-002  1.172025853084266E-003 -6.672592408718183E-003
  5.179881433112122E-003 -7.451865442618751E-005 -3.735164702753806E-003
  0.106147980632245      -0.362525708942078       0.225881157818857     
 -1.118624943024004E-003  2.307450715099255E-004  6.413494920190678E-004
  2.451421333928195E-002  2.942670072910917E-002 -3.877990145701822E-002
  5.022746631520437E-002 -0.246639646361245       0.172342018931506     
 -3.117502995144785E-003 -1.547046315827715E-003  5.448280816688050E-003
 -2.223596407536212E-002  3.229480963800307E-004  5.168059099332344E-003
  1.357698744642859E-002 -3.202295942917759E-003 -6.939510482141103E-003
 -5.975732944915040E-002  0.220215147731226      -0.140404861453748     
 -3.207870581257270E-003  1.424192063278621E-003  3.165914545380092E-003
 -0.112310593804040      -0.106008880140866      -7.460808585068307E-003
 -3.156728964922140E-002 -2.909930442293924E-002 -3.117502995144771E-003
  0.133104152986116       0.126635945315308       8.997411156383410E-003
  7.810108229759117E-003  8.849917079466255E-003  4.254988246044219E-004
  1.148899986178272E-003  9.934609717106660E-004  7.682011766253960E-005
  1.888509583491610E-003 -1.441619561461306E-003  1.558703486650613E-003
 -7.378733228333108E-005  7.048075878140251E-005 -4.801220050879359E-004
 -0.116922519762365      -0.269699906897954      -1.971047843816245E-003
  2.971894690540053E-003  1.264994289137166E-002 -1.547046315827705E-003
  0.126635945315308       0.270575165335348       9.011018864505916E-003
 -1.075944852053891E-002 -1.330549357552611E-002 -5.353935528124633E-003
 -1.320325639420373E-003 -2.678684389630421E-003 -9.313040029979190E-005
 -9.930840807521081E-004  1.786861430562001E-003  3.851662777566151E-004
  3.875379972280413E-004  6.721152058279403E-004 -4.310250541941780E-004
 -1.969127160871714E-002 -2.128420390208344E-002 -2.814341614520377E-002
  4.851549036500788E-003  6.244400069469925E-003  5.448280816688043E-003
  8.997411156383408E-003  9.011018864505921E-003  2.583677859739395E-002
  8.524393859091820E-003  1.645122652732873E-002  5.253911873785370E-003
 -1.645686400323422E-003 -1.089591595089992E-002 -9.452856166264897E-003
 -8.295951087656234E-004 -1.209426341877555E-003 -1.041042549517107E-003
 -2.068009341702389E-004  1.682900733555158E-003  2.098343573119710E-003
 -7.803901543548770E-002  6.054998426339797E-002 -4.769065995089408E-002
 -2.155794243927628E-002  3.270139747404863E-002 -2.223596407536209E-002
  7.810108229759119E-003 -1.075944852053890E-002  8.524393859091818E-003
  9.835556804285173E-002 -8.145549790726521E-002  6.122221142231087E-002
  7.150518545031780E-004 -1.076660491240750E-003  7.411519565541811E-004
 -7.156056306392602E-003  1.582017615039775E-004 -1.789954485604821E-004
 -1.277139459573808E-004 -1.179765799056142E-004 -3.821377631403332E-004
  7.046106308259234E-002 -0.215111801214912       0.128426740683741     
  3.097461233891320E-003  1.172025853084279E-003  3.229480963800493E-004
  8.849917079466255E-003 -1.330549357552610E-002  1.645122652732874E-002
 -8.145549790726520E-002  0.223166510764868      -0.140875949992882     
  2.758658349784814E-005  7.740841671020687E-004 -5.928191142509006E-003
 -6.975448272142104E-004  2.691937127366963E-003  2.839090937550576E-004
 -2.829852449686159E-004  6.127368780157388E-004  1.319316734186830E-003
 -6.426408212177512E-002  0.149206893647583      -0.128655792734502     
  1.847807490383624E-003 -6.672592408718172E-003  5.168059099332341E-003
  4.254988246044218E-004 -5.353935528124635E-003  5.253911873785361E-003
  6.122221142231087E-002 -0.140875949992882       0.125153855217725     
 -9.424813417839742E-004  4.393302741285614E-003 -1.175020341226752E-002
  1.805681401101185E-003 -2.325935900601869E-004  2.347429929874243E-003
 -9.463567484156920E-005 -4.651248690850645E-004  2.482740026054142E-003
 -5.956668517910138E-003 -7.896432624235252E-003 -2.561301812647005E-002
 -9.700551131911286E-003  5.179881433112123E-003  1.357698744642858E-002
  1.148899986178269E-003 -1.320325639420375E-003 -1.645686400323422E-003
  7.150518545031825E-004  2.758658349785505E-005 -9.424813417839793E-004
  3.273540868480790E-002 -9.439248345313139E-004 -1.773326254508961E-003
 -6.553373580953689E-006 -4.001314903210005E-004  3.884862731858776E-004
 -1.893558750208742E-002  5.353346571896254E-003  1.600903840347372E-002
 -7.455828430045839E-003 -4.631072833794150E-003  3.045201000320203E-002
  2.654067202484415E-003 -7.451865442617813E-005 -3.202295942917742E-003
  9.934609717106655E-004 -2.678684389630418E-003 -1.089591595089992E-002
 -1.076660491240760E-003  7.740841671020759E-004  4.393302741285605E-003
 -9.439248345313089E-004  2.961685014779568E-002  4.633364529620530E-003
  3.571092905651958E-004  1.444900637950428E-004 -1.457574832502108E-004
  5.471776291058492E-003 -2.315114850083906E-002 -2.523470789704328E-002
 -2.243256215119357E-002  2.997106438786688E-002  7.862654332454833E-002
  6.238350263944038E-003 -3.735164702753816E-003 -6.939510482141106E-003
  7.682011766254147E-005 -9.313040029979027E-005 -9.452856166264900E-003
  7.411519565541727E-004 -5.928191142509014E-003 -1.175020341226753E-002
 -1.773326254508966E-003  4.633364529620532E-003  4.534017689208950E-002
  2.143807768699157E-004  1.230512588520925E-003  8.085911883385643E-004
  1.693518529067632E-002 -2.607845526043197E-002 -9.663274134431751E-002
 -2.155902886960121E-002  4.171118139526349E-002 -2.329253627087921E-002
 -8.660026353366337E-002  0.106147980632245      -5.975732944915040E-002
  1.888509583491614E-003 -9.930840807521020E-004 -8.295951087656288E-004
 -7.156056306392593E-003 -6.975448272141996E-004  1.805681401101186E-003
 -6.553373580956709E-006  3.571092905651979E-004  2.143807768699220E-004
  0.113518145791579      -0.146513542526372       8.186481099410579E-002
 -8.475329183289150E-005 -1.209988373745631E-005 -5.412343280391242E-006
 -4.243110593249563E-003 -3.464697316617775E-003  5.726137427479153E-004
  0.152502593432779      -0.362525708942078       0.220215147731226     
 -1.441619561461297E-003  1.786861430562007E-003 -1.209426341877552E-003
  1.582017615039552E-004  2.691937127366966E-003 -2.325935900601782E-004
 -4.001314903209967E-004  1.444900637950333E-004  1.230512588520917E-003
 -0.146513542526372       0.361525804483294      -0.220609548628229     
 -6.239102287728143E-005 -1.586868463160548E-004  3.329449766892371E-005
  6.899435269334927E-003 -5.889522052588287E-003  1.931307522654097E-003
 -9.012984967765240E-002  0.225881157818857      -0.140404861453748     
  1.558703486650619E-003  3.851662777566206E-004 -1.041042549517095E-003
 -1.789954485604518E-004  2.839090937550589E-004  2.347429929874233E-003
  3.884862731858681E-004 -1.457574832502123E-004  8.085911883385614E-004
  8.186481099410579E-002 -0.220609548628229       0.136850182972623     
 -4.025908970649528E-004  9.459497369522766E-005 -4.916076102227602E-004
  2.196112536648670E-003  5.633561437199050E-003  1.874199692107566E-002
  2.630685766544783E-003 -1.118624943024012E-003 -3.207870581257278E-003
 -7.378733228333628E-005  3.875379972280383E-004 -2.068009341702412E-004
 -1.277139459573869E-004 -2.829852449686244E-004 -9.463567484155997E-005
 -1.893558750208742E-002  5.471776291058486E-003  1.693518529067633E-002
 -8.475329183289150E-005 -6.239102287727968E-005 -4.025908970649406E-004
  1.439504376896907E-002 -1.002887451461093E-002 -3.176528412442304E-002
  4.297711411751916E-003 -2.342481357309708E-003 -2.550264105646512E-002
  4.374122358220770E-004  2.307450715099244E-004  1.424192063278632E-003
  7.048075878140178E-005  6.721152058279395E-004  1.682900733555155E-003
 -1.179765799056128E-004  6.127368780157355E-004 -4.651248690850589E-004
  5.353346571896251E-003 -2.315114850083906E-002 -2.607845526043197E-002
 -1.209988373745281E-005 -1.586868463160566E-004  9.459497369523290E-005
 -1.002887451461093E-002  2.413671954910388E-002  4.884453341546094E-002
  1.352008775054526E-002 -2.517276118812337E-002 -7.201566047426432E-002
  3.103830081904504E-003  6.413494920190735E-004  3.165914545380098E-003
 -4.801220050879367E-004 -4.310250541941774E-004  2.098343573119711E-003
 -3.821377631403328E-004  1.319316734186818E-003  2.482740026054143E-003
  1.600903840347373E-002 -2.523470789704327E-002 -9.663274134431750E-002
 -5.412343280387746E-006  3.329449766892371E-005 -4.916076102227602E-004
 -3.176528412442303E-002  4.884453341546093E-002  0.161393011284278     
 Masses in au
   21874.6618111745        29156.9463602902        1837.15258665392     
   1837.15258665392        1837.15258665392        1837.15258665392     
   1837.15258665392     
