 Coordinates, Gradient and Hessian of a Structure written by dl-find
           7           1           1
  0.000000000000000E+000
 Energy
  -116.109047201253     
 Coordinates
  -8.03349052961593        1.07102186175644       1.092677751374940E-002
  -5.36993345856678       0.886421267014107      -0.254603818238077     
  -8.99492071708475      -0.674993545638581      -0.529050144388345     
  -8.64454479564931        2.57336703144312       -1.24622900319980     
  -8.58362246466240        1.57008790214753        1.94279434562035     
  -4.78679895912344      -0.458614740404658       0.806832027072375     
  -9.18596811433965        3.13050985241121        5.84324044583490     
 Gradient
  8.330354036765709E-005 -3.692718075836915E-004 -1.690263618773877E-003
  3.205929425990113E-004  1.712180506919325E-004  2.620711005305057E-004
 -3.712356072966574E-004  3.126572073175265E-004  3.691434656576643E-004
  6.132272570152447E-004 -6.805988075615280E-004  7.517098905544780E-004
 -5.415541192017858E-004  5.571702269912827E-004  1.574773015980212E-003
 -2.068098664695625E-004  3.438728912343627E-004 -3.970949131756857E-004
  1.024758529861113E-004 -3.350477610899731E-004 -8.703389407732814E-004
 Hessian
  0.476352771191305       2.165940135932167E-004  1.673664496394439E-002
 -0.241847142359356       3.074468733148248E-002  3.105944883334670E-003
 -9.218663872913027E-002 -9.262511842892383E-002 -2.927339863934339E-002
 -6.300237960072833E-002  5.555502116666892E-002 -4.860282708198830E-002
 -5.992386148653580E-002  1.183810302983566E-002  4.977939510277413E-002
 -1.944612359873734E-002 -5.867974163851136E-003  7.897285635714698E-003
  5.337458318337409E-005  1.386870511929262E-004  3.569551355640602E-004
  2.165940135932184E-004  0.594375737534500      -2.474440356510638E-002
 -6.113131312986170E-003 -8.002826050716765E-002  1.765241398408209E-002
 -8.753737818331622E-002 -0.243633192815104      -6.013354548618327E-002
  4.540360922198778E-002 -0.199560379635013       0.126762878460051     
  1.240390647131537E-002 -6.907014827997524E-002 -5.495351411369226E-002
  3.554722922580902E-002 -2.085288702279912E-003 -4.173327522508216E-003
  7.917056359641722E-005  1.532405041191482E-006 -4.105017566435963E-004
  1.673664496394439E-002 -2.474440356510641E-002  0.578797616486501     
  3.400413153028044E-002  1.209499707304319E-002 -7.562404475603887E-002
 -2.893590432183148E-002 -5.820766544050052E-002 -7.247798136486389E-002
 -3.930673799807895E-002  0.124869018242391      -0.157593838977608     
  4.479098579633286E-002 -5.576395870038636E-002 -0.273916513790850     
 -2.752046143990748E-002  2.178709630666903E-003  1.765381348470946E-003
  2.313414692569677E-004 -4.266972400980454E-004 -9.506189456128198E-004
 -0.241847142359356      -6.113131312986169E-003  3.400413153028042E-002
  0.411858770591619      -0.135723774797414       5.705820914434926E-002
 -3.439623176759232E-002  9.820701316694096E-004  2.327192056056541E-003
 -2.310751512893040E-002  3.594946394137982E-003  1.044081077466052E-003
 -2.726901518403033E-002  3.988578276710897E-003  6.691248371261631E-003
 -8.531118047016117E-002  0.133345774988537      -0.100956263543738     
  7.231431845163853E-005 -7.446368065647948E-005 -1.685986356750055E-004
  3.074468733148251E-002 -8.002826050716760E-002  1.209499707304317E-002
 -0.135723774797414       0.363150033507878      -0.251994398279648     
 -2.747741471584662E-002  1.125446075662118E-002  5.272226375806426E-003
  3.186445469809103E-002  3.149834807553663E-004 -3.871929319595039E-003
  1.012534192993973E-002  3.071659347949390E-003 -5.735599726167433E-004
  9.052161361771595E-002 -0.297791568463467       0.238958599690465     
 -5.490806397037197E-005  2.869187743261224E-005  1.140644325436267E-004
  3.105944883334667E-003  1.765241398408210E-002 -7.562404475603896E-002
  5.705820914434925E-002 -0.251994398279648       0.250711018793450     
 -6.974094008012691E-003  1.980350157166898E-003  4.859088041779990E-003
 -2.426649704862429E-002  8.137032840259236E-004  5.355807031128280E-003
  3.562423236736847E-002 -9.074323676326728E-004  5.598497893853097E-003
 -6.445075571935567E-002  0.232397406262489      -0.191028356923892     
 -9.703961905858971E-005  5.795695951590174E-005  1.279899197211223E-004
 -9.218663872913030E-002 -8.753737818331628E-002 -2.893590432183149E-002
 -3.439623176759238E-002 -2.747741471584662E-002 -6.974094008012686E-003
  0.114618323760165       0.104324586622155       3.113793316022105E-002
  5.376129504905272E-003  7.000473284860532E-003  3.020580052776682E-003
  5.319854348045344E-003  5.178501554599026E-003  1.098430390640499E-003
  1.279065470615331E-003 -1.462917394645027E-003  6.964369293086356E-004
 -1.050258700821721E-005 -2.585116780716098E-005 -4.338220310269414E-005
 -9.262511842892385E-002 -0.243633192815104      -5.820766544050051E-002
  9.820701316694291E-004  1.125446075662114E-002  1.980350157166890E-003
  0.104324586622155       0.256036861718986       6.507075080656650E-002
 -9.517685660263075E-003 -1.910349577638071E-002 -8.377764628511936E-003
 -2.586243864544268E-003 -5.733081004325553E-003 -8.565441680389192E-004
 -5.891919663732374E-004  1.215280981358958E-003  4.819320114823270E-004
  1.158316627944909E-005 -3.683386115593645E-005 -9.105873816435632E-005
 -2.927339863934337E-002 -6.013354548618332E-002 -7.247798136486390E-002
  2.327192056056551E-003  5.272226375806416E-003  4.859088041779958E-003
  3.113793316022105E-002  6.507075080656649E-002  6.838540323038725E-002
  9.085965209887300E-003  1.820485734477126E-002  6.807608637831242E-003
 -1.232469758921168E-002 -2.798365953255157E-002 -7.338399921918594E-003
 -9.596447929472685E-004 -4.693199866745093E-004 -2.508852691736076E-004
  6.650595337338495E-006  3.869047826547786E-005  1.516664595758559E-005
 -6.300237960072833E-002  4.540360922198779E-002 -3.930673799807897E-002
 -2.310751512893042E-002  3.186445469809106E-002 -2.426649704862430E-002
  5.376129504905267E-003 -9.517685660263054E-003  9.085965209887296E-003
  8.527456962039108E-002 -6.282826516427827E-002  5.053201397957570E-002
  3.369895748354152E-003 -5.526345902404720E-003  3.503073793745342E-003
 -7.904515972658155E-003  6.075443383241984E-004  4.903973239009493E-004
 -6.184171333570017E-006 -3.311531457130196E-006 -3.821526040599102E-005
  5.555502116666889E-002 -0.199560379635013       0.124869018242391     
  3.594946394137991E-003  3.149834807553835E-004  8.137032840259140E-004
  7.000473284860529E-003 -1.910349577638070E-002  1.820485734477126E-002
 -6.282826516427825E-002  0.209480787657709      -0.136525697921227     
 -3.024720159748111E-003  7.283628455302340E-003 -6.433508218376159E-003
 -2.881708270168338E-004  1.564063643065459E-003 -1.039986999932820E-003
 -9.284694624279951E-006  2.041217456096950E-005  1.116142683475684E-004
 -4.860282708198829E-002  0.126762878460051      -0.157593838977608     
  1.044081077466062E-003 -3.871929319595032E-003  5.355807031128277E-003
  3.020580052776686E-003 -8.377764628511936E-003  6.807608637831248E-003
  5.053201397957569E-002 -0.136525697921227       0.162245068847064     
 -7.611516088653933E-003  2.332352469788840E-002 -1.787488798478329E-002
  1.611526953346322E-003 -1.283714403328863E-003  1.045830140342218E-003
  6.141107477256885E-006 -2.729688527629022E-005  1.441230602569482E-005
 -5.992386148653580E-002  1.240390647131539E-002  4.479098579633285E-002
 -2.726901518403036E-002  1.012534192993973E-002  3.562423236736851E-002
  5.319854348045336E-003 -2.586243864544262E-003 -1.232469758921167E-002
  3.369895748354153E-003 -3.024720159748121E-003 -7.611516088653941E-003
  7.703008962747436E-002 -1.596213318528019E-002 -6.176431567816903E-002
  1.378796026093507E-003 -1.002088157048924E-003  1.166373453268111E-003
  9.424092059802987E-005  4.593696536861580E-005  1.189377390647593E-004
  1.183810302983565E-002 -6.907014827997525E-002 -5.576395870038633E-002
  3.988578276710893E-003  3.071659347949384E-003 -9.074323676326604E-004
  5.178501554599017E-003 -5.733081004325537E-003 -2.798365953255157E-002
 -5.526345902404717E-003  7.283628455302312E-003  2.332352469788840E-002
 -1.596213318528018E-002  6.474457287361712E-002  6.268122790883257E-002
  4.337963210899252E-004 -2.537849507317197E-004 -1.004416939845148E-003
  4.949990545018012E-005 -4.284644183863303E-005 -3.452850663048320E-004
  4.977939510277413E-002 -5.495351411369225E-002 -0.273916513790849     
  6.691248371261646E-003 -5.735599726167357E-004  5.598497893853128E-003
  1.098430390640499E-003 -8.565441680389232E-004 -7.338399921918588E-003
  3.503073793745351E-003 -6.433508218376144E-003 -1.787488798478327E-002
 -6.176431567816901E-002  6.268122790883257E-002  0.293628676833673     
  5.698606444274211E-004  4.723638608104368E-004  6.963952445191583E-004
  1.223073753234537E-004 -3.364652969296181E-004 -7.937682744920413E-004
 -1.944612359873735E-002  3.554722922580904E-002 -2.752046143990747E-002
 -8.531118047016115E-002  9.052161361771592E-002 -6.445075571935564E-002
  1.279065470615323E-003 -5.891919663732284E-004 -9.596447929472812E-004
 -7.904515972658200E-003 -2.881708270168324E-004  1.611526953346315E-003
  1.378796026093510E-003  4.337963210899296E-004  5.698606444274315E-004
  0.110015311529918      -0.125641081464399       9.071853142034318E-002
 -1.135298507100298E-005  1.580509317446514E-005  3.094293409289025E-005
 -5.867974163851140E-003 -2.085288702279866E-003  2.178709630666892E-003
  0.133345774988537      -0.297791568463467       0.232397406262488     
 -1.462917394645034E-003  1.215280981358922E-003 -4.693199866745138E-004
  6.075443383242586E-004  1.564063643065478E-003 -1.283714403328870E-003
 -1.002088157048925E-003 -2.537849507317309E-004  4.723638608104345E-004
 -0.125641081464399       0.297381686543988      -0.233235367340196     
  2.074185308384757E-005 -3.038905193456585E-005 -6.007802376485149E-005
  7.897285635714695E-003 -4.173327522508200E-003  1.765381348470955E-003
 -0.100956263543738       0.238958599690465      -0.191028356923892     
  6.964369293086374E-004  4.819320114823345E-004 -2.508852691736191E-004
  4.903973239009260E-004 -1.039986999932831E-003  1.045830140342211E-003
  1.166373453268104E-003 -1.004416939845147E-003  6.963952445191448E-004
  9.071853142034317E-002 -0.233235367340196       0.187760067564004     
 -1.276121879841250E-005  1.256710053605899E-005  1.156789572872798E-005
  5.337458318336781E-005  7.917056359641585E-005  2.313414692569525E-004
  7.231431845162358E-005 -5.490806397037304E-005 -9.703961905856716E-005
 -1.050258700821871E-005  1.158316627945109E-005  6.650595337339188E-006
 -6.184171333571347E-006 -9.284694624280029E-006  6.141107477253682E-006
  9.424092059802317E-005  4.949990545017571E-005  1.223073753234500E-004
 -1.135298507099864E-005  2.074185308384376E-005 -1.276121879842559E-005
 -1.918900788202234E-004 -9.680272981524642E-005 -2.566397095380009E-004
  1.386870511929307E-004  1.532405041215295E-006 -4.266972400980503E-004
 -7.446368065647601E-005  2.869187743261428E-005  5.795695951589497E-005
 -2.585116780715851E-005 -3.683386115593313E-005  3.869047826547713E-005
 -3.311531457128465E-006  2.041217456097415E-005 -2.729688527629838E-005
  4.593696536861296E-005 -4.284644183862852E-005 -3.364652969296195E-004
  1.580509317446628E-005 -3.038905193456970E-005  1.256710053605768E-005
 -9.680272981524929E-005  5.943289789436126E-005  6.812448839865334E-004
  3.569551355640492E-004 -4.105017566436086E-004 -9.506189456128185E-004
 -1.685986356750197E-004  1.140644325436296E-004  1.279899197210834E-004
 -4.338220310269150E-005 -9.105873816435415E-005  1.516664595758157E-005
 -3.821526040597874E-005  1.116142683475667E-004  1.441230602568570E-005
  1.189377390647547E-004 -3.452850663048338E-004 -7.937682744920407E-004
  3.094293409289074E-005 -6.007802376484951E-005  1.156789572872361E-005
 -2.566397095380070E-004  6.812448839865316E-004  1.575250452671774E-003
 Masses in au
   21874.6618111745        29156.9463602902        1837.15258665392     
   1837.15258665392        1837.15258665392        1837.15258665392     
   1837.15258665392     
