 Coordinates, Gradient and Hessian of a Structure written by dl-find
           7           1           1
  0.000000000000000E+000
 Energy
  -116.093742874284     
 Coordinates
  -7.98256485267899        1.09861754022368       5.720769528444790E-002
  -5.42161975048578       0.896293766022284      -0.226993966820860     
  -9.02908243981702      -0.660425642789580      -0.133796427229858     
  -8.70224287500293        2.59647007374054       -1.13356803486531     
  -8.54392724431403        1.85942735310559        2.35654829784194     
  -4.81763646368193      -0.541189559502069       0.670401509846251     
  -8.88903101733095        2.40081155445400        4.06875649522676     
 Gradient
  1.008445312144368E-002 -1.743876156143282E-005 -1.536511370651530E-003
 -1.057596896537694E-002 -5.629652123251992E-003  5.110310610432130E-003
  1.249455087693874E-003  1.765969242422024E-003 -5.745383113901986E-005
  9.908420360282700E-004 -1.937691088690110E-003  1.452875287096171E-003
  2.503774613333574E-004 -1.370732877721154E-004 -3.830626395269171E-004
 -1.920418121729737E-003  6.104990471491238E-003 -3.881852737646031E-003
 -7.874061939246190E-005 -1.491044526376633E-004 -7.043053185647702E-004
 Hessian
  0.551325262456820       1.465300767727853E-002  7.708719264855529E-002
 -0.325569514372980       4.157784821493432E-002  2.031297583994535E-002
 -0.108715831238690      -0.112282264012954      -2.312880909478379E-002
 -7.566421548950933E-002  6.589682400859830E-002 -6.461264047799536E-002
 -1.942931186501303E-002 -1.362115639287414E-002 -4.114940199565971E-002
 -2.179700869604556E-002 -3.985598854254887E-003  7.124999968943313E-003
 -1.493807945854803E-004  7.761339359276013E-003  2.436568311099403E-002
  1.465300767727854E-002  0.585883678118807      -0.143900198566016     
 -6.454627224732524E-003 -8.578880863297594E-002  2.634944188651411E-002
 -0.102657730578033      -0.264042238121050      -2.514120273442585E-002
  5.727697242146022E-002 -0.205825483239349       0.142916825992205     
 -1.062341313050462E-002 -2.219827724004318E-002  3.635609905071643E-002
  4.125856456679859E-002 -3.424409428647701E-003 -5.725532000924871E-003
  6.547226267736175E-003 -4.604461456745804E-003 -3.085543362806754E-002
  7.708719264855529E-002 -0.143900198566016       0.232147063769138     
  1.962292504523422E-002  2.274677296421212E-002 -4.912132107735401E-002
 -1.163354364682659E-002 -1.319706242975206E-002 -3.453573710289547E-002
 -4.785246193498020E-002  0.129223657464772      -0.138366836407456     
 -3.479591678189152E-002  3.651016711328483E-002  7.771803462942636E-002
 -2.383173586428337E-002 -4.228268037604501E-004  2.217817731804031E-003
  2.140354053419930E-002 -3.096050974275086E-002 -9.005902154266031E-002
 -0.325569514372980      -6.454627224732523E-003  1.962292504523420E-002
  0.484783311670568      -0.160668817182443       4.421771116078902E-002
 -3.288756599799995E-002  2.702226011724677E-003  6.840676626219941E-003
 -2.235548528313239E-002  4.473702470020290E-003  3.401581977926249E-003
 -2.016866335251103E-002  8.653538136829524E-003  2.265562122443392E-002
 -8.768546654790096E-002  0.153491316583344      -9.165246169220632E-002
  3.883383883958657E-003 -2.197338794745844E-003 -5.086054342396018E-003
  4.157784821493431E-002 -8.578880863297590E-002  2.274677296421211E-002
 -0.160668817182443       0.431376539612812      -0.245505520213731     
 -2.901844207958326E-002  1.266057106278550E-002  5.779047277123575E-003
  3.253420419149656E-002  5.364984106718948E-004 -6.706066718897473E-003
  9.884104283514399E-003 -1.495711966857476E-005 -7.529284750754579E-003
  0.107057124442942      -0.359685568287211       0.228586950912157     
 -1.366021870863448E-003  9.157249535881489E-004  2.628100529888280E-003
  2.031297583994534E-002  2.634944188651410E-002 -4.912132107735397E-002
  4.421771116078903E-002 -0.245505520213731       0.185486722265294     
 -3.432055565473505E-003 -5.647354779278131E-004  4.911378956868723E-003
 -2.285866053800891E-002  1.874757728808998E-004  5.995926908068471E-003
  2.503666907529668E-002 -4.878101675762267E-003 -9.206012015846523E-003
 -6.013975480794861E-002  0.222377343943012      -0.143205988903807     
 -3.136885164599479E-003  2.034095765013093E-003  5.139293866776965E-003
 -0.108715831238690      -0.102657730578033      -1.163354364682660E-002
 -3.288756599799994E-002 -2.901844207958328E-002 -3.432055565473498E-003
  0.130256482220979       0.122642972320955       1.260523427351549E-002
  7.272665946594540E-003  8.751231765741071E-003  1.359702173091859E-003
  2.313763136457044E-003  1.794808249638208E-003  4.542856422758390E-004
  1.835409329242614E-003 -1.497144820103786E-003  1.427013885880538E-003
 -7.492339658289145E-005 -1.569485861345829E-005 -7.806367624636314E-004
 -0.112282264012954      -0.264042238121050      -1.319706242975206E-002
  2.702226011724714E-003  1.266057106278550E-002 -5.647354779278061E-004
  0.122642972320955       0.268293780706127       2.031850348345734E-002
 -1.020150295036683E-002 -1.421747806317269E-002 -5.755461957805608E-003
 -2.313907336247446E-003 -5.102423414869581E-003 -8.053551437330137E-004
 -9.231088660859157E-004  1.809659443563929E-003  4.160864253391532E-004
  3.755848329748778E-004  5.981283866157408E-004 -4.119748995780404E-004
 -2.312880909478379E-002 -2.514120273442582E-002 -3.453573710289547E-002
  6.840676626219944E-003  5.779047277123578E-003  4.911378956868720E-003
  1.260523427351548E-002  2.031850348345736E-002  3.562359194538029E-002
  9.261418635916570E-003  1.703023478401307E-002  5.156042028927122E-003
 -3.968199958746705E-003 -1.967196099238643E-002 -1.498707252161281E-002
 -9.216697374666331E-004 -7.085083442292964E-004 -7.635454020517707E-004
 -6.886507446557966E-004  2.393886526448803E-003  4.595342095383643E-003
 -7.566421548950933E-002  5.727697242146021E-002 -4.785246193498021E-002
 -2.235548528313241E-002  3.253420419149652E-002 -2.285866053800893E-002
  7.272665946594541E-003 -1.020150295036684E-002  9.261418635916572E-003
  9.660545613799118E-002 -7.760937420310479E-002  6.073630430081137E-002
  1.551578990068797E-003 -1.883415188945297E-003  1.468605849937233E-003
 -7.243982344462706E-003  4.916813569544529E-005 -2.411606637720224E-004
 -1.660179575500058E-004 -1.660524062353731E-004 -5.140456499040136E-004
  6.589682400859830E-002 -0.205825483239349       0.129223657464772     
  4.473702470020314E-003  5.364984106718668E-004  1.874757728809042E-004
  8.751231765741068E-003 -1.421747806317272E-002  1.703023478401310E-002
 -7.760937420310481E-002  0.213742073310659      -0.139334288852288     
 -4.741881021627736E-004  2.237211509666181E-003 -9.586120239891541E-003
 -5.413585953170899E-004  2.542219294502831E-003 -2.602628844893568E-006
 -4.968373437755665E-004  9.849587770222054E-004  2.481643699358310E-003
 -6.461264047799535E-002  0.142916825992205      -0.138366836407456     
  3.401581977926230E-003 -6.706066718897448E-003  5.995926908068496E-003
  1.359702173091857E-003 -5.755461957805586E-003  5.156042028927127E-003
  6.073630430081138E-002 -0.139334288852288       0.141264353365468     
 -2.437167457525915E-003  9.185881636503064E-003 -1.971709330073128E-002
  1.904552119162092E-003 -4.393635644587728E-004  1.809264932181228E-003
 -3.523326354714852E-004  1.324734647435605E-004  3.858342473541927E-003
 -1.942931186501304E-002 -1.062341313050460E-002 -3.479591678189151E-002
 -2.016866335251105E-002  9.884104283514376E-003  2.503666907529667E-002
  2.313763136457052E-003 -2.313907336247455E-003 -3.968199958746707E-003
  1.551578990068813E-003 -4.741881021627878E-004 -2.437167457525913E-003
  4.602545385222403E-002  6.896383169464328E-003  2.307273184617479E-002
  3.869901780627465E-004 -1.058953658633802E-003  9.122809786114466E-004
 -1.067981093928701E-002 -2.310025225432016E-003 -7.820397701918384E-003
 -1.362115639287414E-002 -2.219827724004320E-002  3.651016711328482E-002
  8.653538136829527E-003 -1.495711966858573E-005 -4.878101675762261E-003
  1.794808249638213E-003 -5.102423414869589E-003 -1.967196099238643E-002
 -1.883415188945308E-003  2.237211509666190E-003  9.185881636503055E-003
  6.896383169464325E-003  3.318080880481594E-002 -3.081839205528104E-002
  1.792874077741379E-004  5.980809526056571E-004 -6.655327889909301E-004
 -2.019445381888719E-003 -8.700443492503871E-003  1.033793876263227E-002
 -4.114940199565970E-002  3.635609905071641E-002  7.771803462942634E-002
  2.265562122443392E-002 -7.529284750754576E-003 -9.206012015846525E-003
  4.542856422758375E-004 -8.053551437330193E-004 -1.498707252161281E-002
  1.468605849937228E-003 -9.586120239891537E-003 -1.971709330073127E-002
  2.307273184617479E-002 -3.081839205528105E-002 -5.212794311458956E-002
 -1.746659385166351E-004  2.918642030542165E-003  1.437427765379181E-004
 -6.327176628648707E-003  9.464411108406109E-003  1.817634354681502E-002
 -2.179700869604556E-002  4.125856456679861E-002 -2.383173586428338E-002
 -8.768546654790094E-002  0.107057124442942      -6.013975480794862E-002
  1.835409329242612E-003 -9.231088660859142E-004 -9.216697374666301E-004
 -7.243982344462709E-003 -5.413585953170884E-004  1.904552119162104E-003
  3.869901780627476E-004  1.792874077741349E-004 -1.746659385166337E-004
  0.114644651491509      -0.147130786497429       8.287337977587038E-002
 -1.405934104060959E-004  1.002775413176034E-004  2.898944531822105E-004
 -3.985598854254873E-003 -3.424409428647764E-003 -4.228268037604400E-004
  0.153491316583344      -0.359685568287211       0.222377343943012     
 -1.497144820103800E-003  1.809659443563929E-003 -7.085083442292936E-004
  4.916813569545424E-005  2.542219294502836E-003 -4.393635644587833E-004
 -1.058953658633815E-003  5.980809526056483E-004  2.918642030542159E-003
 -0.147130786497429       0.358653091574915      -0.222831510317515     
  1.319991113834967E-004 -4.930735497314544E-004 -8.937769435891033E-004
  7.124999968943308E-003 -5.725532000924856E-003  2.217817731804035E-003
 -9.165246169220637E-002  0.228586950912157      -0.143205988903807     
  1.427013885880541E-003  4.160864253391607E-004 -7.635454020517757E-004
 -2.411606637720179E-004 -2.602628844891455E-006  1.809264932181229E-003
  9.122809786114409E-004 -6.655327889909205E-004  1.437427765379190E-004
  8.287337977587038E-002 -0.222831510317515       0.139835340275882     
 -4.440522533284225E-004  2.221403987810133E-004 -3.663141054762660E-005
 -1.493807945854967E-004  6.547226267736197E-003  2.140354053419930E-002
  3.883383883958677E-003 -1.366021870863454E-003 -3.136885164599480E-003
 -7.492339658288985E-005  3.755848329748697E-004 -6.886507446557896E-004
 -1.660179575500112E-004 -4.968373437755621E-004 -3.523326354714897E-004
 -1.067981093928702E-002 -2.019445381888721E-003 -6.327176628648707E-003
 -1.405934104060846E-004  1.319991113834727E-004 -4.440522533284138E-004
  7.327342614452836E-003 -3.172505615567025E-003 -1.045444310749535E-002
  7.761339359276007E-003 -4.604461456745801E-003 -3.096050974275086E-002
 -2.197338794745841E-003  9.157249535881407E-004  2.034095765013091E-003
 -1.569485861346292E-005  5.981283866157386E-004  2.393886526448807E-003
 -1.660524062353599E-004  9.849587770222146E-004  1.324734647435592E-004
 -2.310025225432020E-003 -8.700443492503880E-003  9.464411108406113E-003
  1.002775413175999E-004 -4.930735497314496E-004  2.221403987810054E-004
 -3.172505615567025E-003  1.129916638175547E-002  1.671350247935817E-002
  2.436568311099402E-002 -3.085543362806757E-002 -9.005902154266032E-002
 -5.086054342396018E-003  2.628100529888300E-003  5.139293866776976E-003
 -7.806367624636318E-004 -4.119748995780436E-004  4.595342095383656E-003
 -5.140456499040190E-004  2.481643699358315E-003  3.858342473541929E-003
 -7.820397701918383E-003  1.033793876263226E-002  1.817634354681502E-002
  2.898944531822175E-004 -8.937769435890981E-004 -3.663141054763884E-005
 -1.045444310749535E-002  1.671350247935817E-002  5.832633097068976E-002
 Masses in au
   21874.6618111745        29156.9463602902        1837.15258665392     
   1837.15258665392        1837.15258665392        1837.15258665392     
   1837.15258665392     
