 Coordinates, Gradient and Hessian of a Structure written by dl-find
           7           1           1
  0.000000000000000E+000
 Energy
  -116.117286103615     
 Coordinates
  -7.95158920910139       0.836518688092791      -0.594700571487358     
  -5.39906227227613       0.921879153264883      -0.167064876168290     
  -8.79497497491671      -0.967918563967985      -0.918925510489816     
  -8.73323684892917        2.68755489892173       -1.27919604073540     
  -8.92288112413641        3.43593125522108        6.54046927128701     
  -4.86654107795225      -0.682619726561843       0.470610725264621     
  -9.39111060483234        3.89685467469055        7.82642618710645     
 Gradient
 -3.179567423503090E-004 -3.279074837161021E-002  3.918147078059358E-003
  3.999302589211912E-003 -3.381279051364991E-003  6.502556997851080E-004
  6.505472952234340E-003  5.572769259679554E-003  3.067246900412397E-003
 -8.524045971272539E-003  2.732242846221464E-002 -7.386421033966106E-003
  4.680878619654860E-003 -4.598463161483215E-003 -1.269393783467310E-002
 -1.633291715177561E-003  3.230209717780955E-003 -4.052436323947127E-004
 -4.710359732272392E-003  4.645083144908992E-003  1.284995282267981E-002
 Hessian
  0.533104638025041       5.117383843811549E-002  0.128409306181158     
 -0.337152737041027       1.562221981510071E-002 -5.562768235809620E-002
 -9.638527832302572E-002 -0.121419768513452      -3.561010494330535E-002
 -7.811502663156435E-002  6.329015163791274E-002 -3.636003912460410E-002
  2.142790190899690E-004 -2.875422383976089E-005  5.242642717208840E-005
 -2.151325973020810E-002 -8.655147753187065E-003 -8.191521547986437E-004
 -1.526153183054233E-004  1.746059934934487E-005 -4.475402752474000E-005
  5.117383843811549E-002  0.651009555572612      -3.833311655044525E-002
 -3.900751131225776E-002 -9.721963417509172E-002  9.749817636152564E-003
 -0.103674562306046      -0.324270753830617      -5.067417557194857E-002
  4.661250205294804E-002 -0.228686838012052       7.221652575673995E-002
  2.189405743957577E-006  2.256305519371000E-005  3.564934823854211E-005
  4.489258899314368E-002 -8.336612597348830E-004  7.032189559909327E-003
  9.547283536415521E-007 -2.123135030670702E-005 -2.689017864924007E-005
  0.128409306181158      -3.833311655044522E-002  7.570989453989938E-002
 -5.240770224982214E-002  1.689306258315829E-002 -1.732247599601931E-002
 -3.097019074507453E-002 -3.830354181090452E-002 -1.159132137616463E-002
 -2.907978192840627E-002  6.146432600178602E-002 -4.380079003270922E-002
  1.002500530356496E-004  1.144383268416331E-004  1.948692938300593E-004
 -1.599545537808250E-002 -1.755275039821582E-003 -3.046265235356615E-003
 -5.642593280862848E-005 -7.989351061794017E-005 -1.439111934770730E-004
 -0.337152737041027      -3.900751131225776E-002 -5.240770224982214E-002
  0.452010102877521      -0.109481756164631       0.123864637699596     
 -2.367100309301751E-002  4.589719425174344E-003 -5.505474090460529E-003
 -1.714650710279305E-002 -1.186504460735984E-003 -4.023184175413049E-003
 -2.338961689683567E-004 -2.288338675910452E-005 -1.297589072934755E-004
 -7.397535352490167E-002  0.145094925183615      -6.189200583237091E-002
  1.693940531793651E-004  1.401071556467954E-005  9.348755578824593E-005
  1.562221981510070E-002 -9.721963417509163E-002  1.689306258315832E-002
 -0.109481756164631       0.518651497585506      -0.178979671825611     
 -3.002677047618235E-002  8.792528383183722E-003 -2.222218881729103E-003
  3.189292812824110E-002  5.468239521030064E-003  3.314712101008263E-003
 -2.661213084879054E-005 -2.604247016264998E-005  6.971285176934254E-005
  9.200966016582464E-002 -0.435688209625615       0.160963675539970     
  1.033066251545687E-005  2.162078123072062E-005 -3.927236863137372E-005
 -5.562768235809624E-002  9.749817636152557E-003 -1.732247599601930E-002
  0.123864637699596      -0.178979671825611       9.044649315844443E-002
 -9.732738245224687E-003 -6.883525552154594E-004  5.361365486745373E-004
 -1.322987649574620E-002 -1.125743476920595E-003 -4.555900165513088E-003
 -1.558563624524472E-004  3.999791122880772E-005  1.072499691738317E-005
 -4.521450681693810E-002  0.171025044398774      -6.912241174800357E-002
  9.602257885307654E-005 -2.109208844328844E-005  7.433205527847812E-006
 -9.638527832302574E-002 -0.103674562306046      -3.097019074507452E-002
 -2.367100309301752E-002 -3.002677047618236E-002 -9.732738245224679E-003
  0.110817620987751       0.126479672486121       3.583540492873940E-002
  7.405182317730143E-003  9.207586451902170E-003  3.162295759082207E-003
 -1.490204040435109E-005  1.542816735890561E-005 -2.196725133671376E-005
  1.838483225100978E-003 -1.990150469268987E-003  1.712878610977778E-003
  9.896925866054216E-006 -1.120385388312862E-005  1.431694283568183E-005
 -0.121419768513453      -0.324270753830617      -3.830354181090454E-002
  4.589719425174337E-003  8.792528383183699E-003 -6.883525552154413E-004
  0.126479672486121       0.321590261176314       4.571407199644822E-002
 -8.569146226737202E-003 -8.288877080499231E-003 -6.907938887752457E-003
 -7.550965069919354E-006 -3.234773095595744E-005  2.107727104692913E-006
 -1.078984470586729E-003  2.188068765221729E-003  1.870951114389387E-004
  6.058264551111909E-006  2.112031735319025E-005 -3.441581119493293E-006
 -3.561010494330536E-002 -5.067417557194853E-002 -1.159132137616463E-002
 -5.505474090460537E-003 -2.222218881729133E-003  5.361365486745302E-004
  3.583540492873939E-002  4.571407199644822E-002  1.119328300079381E-002
  5.238574313813156E-003  8.658812870887678E-003  6.514335634551957E-004
 -1.652536952928373E-005 -3.542549981671355E-005  1.140053974747566E-005
  4.740070171228438E-005 -1.465755849518569E-003 -7.937751987369526E-004
  1.072445903020581E-005  2.469093567652687E-005 -7.157077769032996E-006
 -7.811502663156430E-002  4.661250205294806E-002 -2.907978192840627E-002
 -1.714650710279308E-002  3.189292812824106E-002 -1.322987649574621E-002
  7.405182317730140E-003 -8.569146226737193E-003  5.238574313813154E-003
  9.415235832991625E-002 -6.952121791269089E-002  3.871638812176953E-002
  6.743762211294940E-006 -1.286341634055508E-007 -1.047622823189793E-006
 -6.296309007822097E-003 -4.153683175745063E-004 -1.641071165450025E-003
 -6.441667678419935E-006  4.309099759397942E-007 -3.185223156329356E-006
  6.329015163791274E-002 -0.228686838012052       6.146432600178604E-002
 -1.186504460735989E-003  5.468239521030076E-003 -1.125743476920616E-003
  9.207586451902153E-003 -8.288877080499260E-003  8.658812870887662E-003
 -6.952121791269086E-002  0.229229059420582      -6.861139016765115E-002
  5.532138523855473E-006  4.808366250464994E-006  3.505389454388267E-005
 -1.792106688950953E-003  2.277663639097858E-003 -4.045228716782815E-004
 -3.441165961053130E-006 -4.055854410009699E-006 -1.653625096711678E-005
 -3.636003912460410E-002  7.221652575673992E-002 -4.380079003270921E-002
 -4.023184175413041E-003  3.314712101008233E-003 -4.555900165513107E-003
  3.162295759082206E-003 -6.907938887752449E-003  6.514335634552016E-004
  3.871638812176954E-002 -6.861139016765117E-002  4.511294659838587E-002
 -3.050670495901802E-005  2.618222361096194E-005 -6.687184951420978E-005
 -1.484910653130668E-003 -2.053396984488288E-005  2.608282688448352E-003
  1.995677725548706E-005 -1.755705610866219E-005  5.089919744555956E-005
  2.142790190899711E-004  2.189405743948712E-006  1.002500530356488E-004
 -2.338961689683628E-004 -2.661213084875664E-005 -1.558563624524303E-004
 -1.490204040435487E-005 -7.550965069919999E-006 -1.652536952928229E-005
  6.743762211287930E-006  5.532138523859476E-006 -3.050670495901676E-005
  4.267603332532114E-002 -3.199708236264762E-002 -8.913298720032646E-002
 -4.995927634235583E-006  3.122522405537007E-005  5.030768601552262E-005
 -4.264326196941731E-002  3.199229869112222E-002  8.918531789753577E-002
 -2.875422383975785E-005  2.256305519369882E-005  1.144383268416370E-004
 -2.288338675910409E-005 -2.604247016267567E-005  3.999791122879293E-005
  1.542816735890827E-005 -3.234773095595364E-005 -3.542549981671226E-005
 -1.286341634069962E-007  4.808366250466644E-006  2.618222361096252E-005
 -3.199708236264762E-002  4.172860239745872E-002  8.767818969866914E-002
  4.318989250729947E-005 -3.062040600343750E-005 -5.600187937798557E-005
  3.199023054734876E-002 -4.166696321264567E-002 -8.776738078048657E-002
  5.242642717208848E-005  3.564934823853968E-005  1.948692938300599E-004
 -1.297589072934719E-004  6.971285176931518E-005  1.072499691737561E-005
 -2.196725133671215E-005  2.107727104692146E-006  1.140053974747471E-005
 -1.047622823190285E-006  3.505389454387533E-005 -6.687184951421252E-005
 -8.913298720032645E-002  8.767818969866915E-002  0.254883883576573     
  5.308995897533081E-005 -5.160184069496375E-005  1.742291447256214E-005
  8.918024459506600E-002 -8.776911168214455E-002 -0.255051429470082     
 -2.151325973020810E-002  4.489258899314368E-002 -1.599545537808252E-002
 -7.397535352490167E-002  9.200966016582472E-002 -4.521450681693810E-002
  1.838483225100984E-003 -1.078984470586730E-003  4.740070171228305E-005
 -6.296309007822097E-003 -1.792106688950955E-003 -1.484910653130655E-003
 -4.995927634241581E-006  4.318989250730115E-005  5.308995897532494E-005
  9.995152973561700E-002 -0.134045743060844       6.263040250994899E-002
 -9.477014453398079E-008 -2.860483106237804E-005 -3.602032251060240E-005
 -8.655147753187070E-003 -8.336612597348949E-004 -1.755275039821572E-003
  0.145094925183615      -0.435688209625615       0.171025044398773     
 -1.990150469268969E-003  2.188068765221690E-003 -1.465755849518559E-003
 -4.153683175744564E-004  2.277663639097857E-003 -2.053396984488651E-005
  3.122522405537110E-005 -3.062040600346276E-005 -5.160184069495068E-005
 -0.134045743060844       0.432069631478857      -0.167765929913366     
 -1.974080681579573E-005  1.712740809300560E-005  3.405221454058430E-005
 -8.191521547986506E-004  7.032189559909316E-003 -3.046265235356624E-003
 -6.189200583237087E-002  0.160963675539970      -6.912241174800353E-002
  1.712878610977766E-003  1.870951114389515E-004 -7.937751987369535E-004
 -1.641071165450023E-003 -4.045228716783212E-004  2.608282688448355E-003
  5.030768601552053E-005 -5.600187937799287E-005  1.742291447254791E-005
  6.263040250994896E-002 -0.167765929913366       7.034331033517163E-002
 -4.135965431431044E-005  4.349445313959587E-005 -6.563756024053364E-006
 -1.526153183054252E-004  9.547283536465481E-007 -5.642593280862657E-005
  1.693940531793580E-004  1.033066251548002E-005  9.602257885309459E-005
  9.896925866052547E-006  6.058264551110219E-006  1.072445903020468E-005
 -6.441667678417757E-006 -3.441165961054730E-006  1.995677725548714E-005
 -4.264326196941731E-002  3.199023054734875E-002  8.918024459506602E-002
 -9.477014453747740E-008 -1.974080681579224E-005 -4.135965431431394E-005
  4.262312274630205E-002 -3.198439223087159E-002 -8.920916282240134E-002
  1.746059934934700E-005 -2.123135030671453E-005 -7.989351061793894E-005
  1.401071556468096E-005  2.162078123073005E-005 -2.109208844328613E-005
 -1.120385388312896E-005  2.112031735319002E-005  2.469093567652643E-005
  4.309099759386150E-007 -4.055854410012805E-006 -1.755705610866400E-005
  3.199229869112223E-002 -4.166696321264567E-002 -8.776911168214452E-002
 -2.860483106237280E-005  1.712740809300211E-005  4.349445313959762E-005
 -3.198439223087159E-002  4.163238191155104E-002  8.781946894782847E-002
 -4.475402752473542E-005 -2.689017864923342E-005 -1.439111934770694E-004
  9.348755578824328E-005 -3.927236863138190E-005  7.433205527841490E-006
  1.431694283568442E-005 -3.441581119494542E-006 -7.157077769033679E-006
 -3.185223156335458E-006 -1.653625096711765E-005  5.089919744555973E-005
  8.918531789753575E-002 -8.776738078048657E-002 -0.255051429470081     
 -3.602032251058491E-005  3.405221454057032E-005 -6.563756024060358E-006
 -8.920916282240132E-002  8.781946894782848E-002  0.255150729092432     
 Masses in au
   21874.6618111745        29156.9463602902        1837.15258665392     
   1837.15258665392        1837.15258665392        1837.15258665392     
   1837.15258665392     
