 Coordinates, Gradient and Hessian of a Structure written by dl-find
           7           1           1
  0.000000000000000E+000
 Energy
  -116.109328875003     
 Coordinates
  -8.05316428493707        1.05717432271157      -7.343534506201010E-002
  -5.38465745283819       0.897695565261276      -0.206902203961751     
  -8.96370526719356      -0.716427314517375      -0.620174464856810     
  -8.65602129464947        2.51487224332816       -1.39208113065219     
  -8.69799174590070        1.60544279829515        1.81279343439415     
  -4.84427594045743      -0.382037724764562       0.956180715770257     
  -8.56593008774795        3.10445411220207        6.30829707546280     
 Gradient
  3.801251995383407E-003 -5.166751810627732E-004 -4.151794270094837E-004
 -1.378869917911146E-003  1.482334770628509E-004  1.267221874436058E-004
 -3.107172784657796E-004 -9.098954261847810E-005 -7.912547785680247E-004
 -1.756568614119109E-003 -1.241836530440416E-004  6.296562140339229E-004
 -2.618000351339946E-005  1.097326532861221E-003  2.766514027297783E-004
 -2.842533087274249E-004 -4.286643403757313E-004  4.383500157397288E-004
 -4.466287264654549E-005 -8.504729282304890E-005 -2.649456143695293E-004
 Hessian
  0.483748398422222      -3.171701061552588E-003  1.223243937136035E-002
 -0.249727397154133       2.785742176417050E-002 -6.239823171074891E-003
 -8.631355762405393E-002 -8.707728128962015E-002 -2.655401957239569E-002
 -6.290150265290069E-002  5.154528648183079E-002 -4.781815294826091E-002
 -6.534661005710224E-002  1.642006652977191E-002  6.095707100017305E-002
 -1.948450370541198E-002 -5.590770091615628E-003  7.383138136108227E-003
  2.517277138103712E-005  1.697766701530589E-005  3.934718408939037E-005
 -3.171701061552591E-003  0.587057343787909      -2.067855939438265E-002
 -7.634330953106064E-003 -7.785667901037366E-002  1.756061761725886E-002
 -8.191210041639982E-002 -0.246952215723154      -6.011157963954047E-002
  4.170832269487522E-002 -0.188530003258082       0.125893414311716     
  1.669286143676750E-002 -7.181840101804715E-002 -6.033306620075862E-002
  3.430886827922996E-002 -1.917472846403852E-003 -2.188471291394898E-003
  8.080020184981872E-006  1.742806815221999E-005 -1.423554028978951E-004
  1.223243937136034E-002 -2.067855939438263E-002  0.581821694210392     
  2.761773956772750E-002  1.377624610168536E-002 -7.622415911439272E-002
 -2.638302969903597E-002 -5.845652952370167E-002 -7.258330180688903E-002
 -3.839796809191663E-002  0.124806721967332      -0.165548939886896     
  5.552032912035019E-002 -6.135530765728014E-002 -0.268039797015214     
 -3.062072240914153E-002  2.056689085560406E-003  9.497071482514968E-004
  3.121214065224749E-005 -1.492605792141451E-004 -3.752035352499149E-004
 -0.249727397154133      -7.634330953106064E-003  2.761773956772748E-002
  0.413844843534916      -0.116133825874845       7.107570252738935E-002
 -3.440252584961578E-002  4.753546692095445E-005  3.445030986992903E-004
 -2.125145460050177E-002  2.973017553797208E-003 -3.102409968251258E-004
 -2.968239896960971E-002  3.831460034133174E-003  4.811210851733496E-003
 -7.881378500475651E-002  0.116955916901814      -0.103446903818595     
  3.271804370181869E-005 -3.977312871393389E-005 -9.201123012994136E-005
  2.785742176417050E-002 -7.785667901037367E-002  1.377624610168537E-002
 -0.116133825874845       0.329891515859700      -0.259548217175768     
 -2.866651917221232E-002  1.104803089631353E-002  3.909929235190324E-003
  3.035775030450867E-002  1.143230281988223E-003 -2.645574058364086E-003
  1.082738080640142E-002  3.270485655533274E-003  7.604402651271235E-005
  7.578607517115407E-002 -0.267513786962597       0.244350723969979     
 -2.828299917923569E-005  1.720327943394444E-005  8.084790076506080E-005
 -6.239823171074906E-003  1.756061761725885E-002 -7.622415911439259E-002
  7.107570252738939E-002 -0.259548217175769       0.284673234741043     
 -8.193537718137319E-003  1.697873078903891E-003  4.636798317544336E-003
 -2.645117763656636E-002  3.397312341552001E-004  4.346974696098100E-003
  3.406554621245026E-002 -4.963730632227376E-005  7.349526845368413E-003
 -6.421604347816924E-002  0.239962819023298      -0.224888926556925     
 -4.066673589013264E-005  3.681352847666065E-005  1.065510712637546E-004
 -8.631355762405390E-002 -8.191210041639989E-002 -2.638302969903597E-002
 -3.440252584961578E-002 -2.866651917221233E-002 -8.193537718137326E-003
  0.108952608414970       9.868639532717517E-002  2.956071574920351E-002
  4.896102157783794E-003  6.541811067851451E-003  2.761428028585836E-003
  5.671194469463113E-003  6.762344642522580E-003  1.443428742890843E-003
  1.203276385620599E-003 -1.403797060546187E-003  8.182691832846855E-004
 -7.097954167533741E-006 -8.134388390848556E-006 -7.274286791594219E-006
 -8.707728128962013E-002 -0.246952215723154      -5.845652952370165E-002
  4.753546692095038E-005  1.104803089631354E-002  1.697873078903881E-003
  9.868639532717517E-002  0.260456149598869       6.505301721139189E-002
 -8.550554062415106E-003 -1.938947382958829E-002 -7.892557505993117E-003
 -2.506010930429655E-003 -6.268462159617243E-003 -7.811496455694242E-004
 -5.972164298932883E-004  1.123178762956309E-003  4.266845927457130E-004
 -2.868081737989109E-006 -1.720754577883915E-005 -4.733820777730792E-005
 -2.655401957239569E-002 -6.011157963954045E-002 -7.258330180688902E-002
  3.445030986992896E-004  3.909929235190312E-003  4.636798317544296E-003
  2.956071574920352E-002  6.505301721139191E-002  6.809636622877398E-002
  8.815368993900657E-003  1.947466026182125E-002  6.949954445608388E-003
 -1.131353207682849E-002 -2.773144265285267E-002 -6.800233093692837E-003
 -8.526706356036298E-004 -6.067602560144219E-004 -2.906153676720706E-004
 -3.655569757398572E-007  1.217584000405526E-005 -8.968723672696078E-006
 -6.290150265290073E-002  4.170832269487521E-002 -3.839796809191660E-002
 -2.125145460050181E-002  3.035775030450864E-002 -2.645117763656637E-002
  4.896102157783810E-003 -8.550554062415101E-003  8.815368993900660E-003
  8.344868150311477E-002 -5.771153082803176E-002  5.103989099113015E-002
  3.716260841511233E-003 -6.468514990545703E-003  4.759071704646177E-003
 -7.903620197426676E-003  6.612706503393306E-004  2.431260627295736E-004
 -4.467051580551753E-006  3.256231269406707E-006 -8.312023923607381E-006
  5.154528648183079E-002 -0.188530003258082       0.124806721967332     
  2.973017553797209E-003  1.143230281988189E-003  3.397312341551796E-004
  6.541811067851447E-003 -1.938947382958829E-002  1.947466026182126E-002
 -5.771153082803175E-002  0.197921330963328      -0.136517677514851     
 -2.898024384425832E-003  7.440636067351404E-003 -6.981728234367755E-003
 -4.532097863136475E-004  1.408879674846410E-003 -1.167073946088484E-003
  2.649895291686926E-006  5.400100156632389E-006  4.536623199887350E-005
 -4.781815294826092E-002  0.125893414311716      -0.165548939886896     
 -3.102409968251330E-004 -2.645574058364077E-003  4.346974696098104E-003
  2.761428028585831E-003 -7.892557505993124E-003  6.949954445608392E-003
  5.103989099113015E-002 -0.136517677514851       0.171926182082686     
 -6.959547533130868E-003  2.245216339212869E-002 -1.886057277713876E-002
  1.285638171208711E-003 -1.269429542629995E-003  1.208189300481958E-003
  9.842872919572633E-007 -2.033908200665396E-005 -2.178786083979589E-005
 -6.534661005710227E-002  1.669286143676751E-002  5.552032912035017E-002
 -2.968239896960966E-002  1.082738080640138E-002  3.406554621245024E-002
  5.671194469463108E-003 -2.506010930429652E-003 -1.131353207682849E-002
  3.716260841511231E-003 -2.898024384425832E-003 -6.959547533130868E-003
  8.419585565889030E-002 -2.108501535446846E-002 -7.255852540718789E-002
  1.409017987405915E-003 -1.033004246625692E-003  1.243645070041798E-003
  3.668006944031370E-005  1.812672780534246E-006  2.084614305609358E-006
  1.642006652977192E-002 -7.181840101804718E-002 -6.135530765728012E-002
  3.831460034133173E-003  3.270485655533257E-003 -4.963730632226799E-005
  6.762344642522589E-003 -6.268462159617251E-003 -2.773144265285266E-002
 -6.468514990545708E-003  7.440636067351380E-003  2.245216339212869E-002
 -2.108501535446846E-002  6.764680282194124E-002  6.774735693602990E-002
  5.454171670186783E-004 -2.384081037331526E-004 -9.049814550083133E-004
 -5.758028431214977E-006 -3.265326342814329E-005 -1.581512566957016E-004
  6.095707100017308E-002 -6.033306620075864E-002 -0.268039797015214     
  4.811210851733493E-003  7.604402651270327E-005  7.349526845368393E-003
  1.443428742890843E-003 -7.811496455694244E-004 -6.800233093692831E-003
  4.759071704646185E-003 -6.981728234367750E-003 -1.886057277713876E-002
 -7.255852540718788E-002  6.774735693602990E-002  0.285921589154915     
  6.099489077572638E-004  4.314554093437208E-004  8.888097798988242E-004
 -2.220580000887076E-005 -1.589122911896651E-004 -4.593228941389806E-004
 -1.948450370541198E-002  3.430886827922996E-002 -3.062072240914154E-002
 -7.881378500475651E-002  7.578607517115411E-002 -6.421604347816921E-002
  1.203276385620589E-003 -5.972164298932787E-004 -8.526706356036338E-004
 -7.903620197426671E-003 -4.532097863136434E-004  1.285638171208704E-003
  1.409017987405932E-003  5.454171670186850E-004  6.099489077572704E-004
  0.103593894528480      -0.109598201208626       9.377279911234063E-002
 -4.279993912026624E-006  8.266807429438583E-006  2.105033160781923E-005
 -5.590770091615628E-003 -1.917472846403867E-003  2.056689085560446E-003
  0.116955916901814      -0.267513786962597       0.239962819023298     
 -1.403797060546195E-003  1.123178762956324E-003 -6.067602560144376E-004
  6.612706503392898E-004  1.408879674846424E-003 -1.269429542630001E-003
 -1.033004246625661E-003 -2.384081037331574E-004  4.314554093436976E-004
 -0.109598201208626       0.267155394251649      -0.240535751690483     
  8.585055261658139E-006 -1.778477671587367E-005 -3.902202907400012E-005
  7.383138136108237E-003 -2.188471291394896E-003  9.497071482514710E-004
 -0.103446903818595       0.244350723969979      -0.224888926556925     
  8.182691832846798E-004  4.266845927457124E-004 -2.906153676720729E-004
  2.431260627295660E-004 -1.167073946088483E-003  1.208189300481936E-003
  1.243645070041808E-003 -9.049814550082958E-004  8.888097798988032E-004
  9.377279911234064E-002 -0.240535751690483       0.222110289805636     
 -1.407374591182510E-005  1.886982024878482E-005  2.254589032920597E-005
  2.517277138103171E-005  8.080020184974947E-006  3.121214065229102E-005
  3.271804370181364E-005 -2.828299917922882E-005 -4.066673589011198E-005
 -7.097954167529036E-006 -2.868081737991079E-006 -3.655569757351577E-007
 -4.467051580543024E-006  2.649895291693659E-006  9.842872919546142E-007
  3.668006944031489E-005 -5.758028431213820E-006 -2.220580000887344E-005
 -4.279993912037196E-006  8.585055261656264E-006 -1.407374591184018E-005
 -7.872588486305080E-005  1.759413861010869E-005  4.511541084231533E-005
  1.697766701529673E-005  1.742806815221162E-005 -1.492605792141410E-004
 -3.977312871393509E-005  1.720327943394601E-005  3.681352847665191E-005
 -8.134388390848708E-006 -1.720754577884387E-005  1.217584000405256E-005
  3.256231269407027E-006  5.400100156637265E-006 -2.033908200666017E-005
  1.812672780532489E-006 -3.265326342813972E-005 -1.589122911896695E-004
  8.266807429434758E-006 -1.778477671587381E-005  1.886982024879115E-005
  1.759413861010933E-005  2.761413818006113E-005  2.606527636809766E-004
  3.934718408939728E-005 -1.423554028979154E-004 -3.752035352499234E-004
 -9.201123012995135E-005  8.084790076505377E-005  1.065510712637266E-004
 -7.274286791597878E-006 -4.733820777731102E-005 -8.968723672696095E-006
 -8.312023923605951E-006  4.536623199888341E-005 -2.178786083979274E-005
  2.084614305602111E-006 -1.581512566957062E-004 -4.593228941390078E-004
  2.105033160782439E-005 -3.902202907398770E-005  2.254589032922708E-005
  4.511541084232230E-005  2.606527636809790E-004  7.361860523084704E-004
 Masses in au
   21874.6618111745        29156.9463602902        1837.15258665392     
   1837.15258665392        1837.15258665392        1837.15258665392     
   1837.15258665392     
