 Coordinates, Gradient and Hessian of a Structure written by dl-find
           7           1           1
  0.000000000000000E+000
 Energy
  -116.109014900125     
 Coordinates
  -8.01256407448955       0.984646991311377      -0.204831252511211     
  -5.36560503964401       0.893206519572107      -0.243602774466452     
  -8.86319297363344      -0.738949265865758      -0.948668485364804     
  -8.57780210653878        2.54593122385162       -1.40508358393314     
  -8.75319822064849        1.32744321909948        1.68758694868595     
  -4.81086443921057      -0.462702786095830       0.796754114775875     
  -9.50866105193600        4.38939586685787        9.08139914455098     
 Gradient
  9.116340863864293E-003  2.103338455835368E-004 -5.079153548760483E-004
 -9.572823522080677E-003 -5.456113039077565E-003  4.673575780300152E-003
  9.002976571565492E-004  1.899857044677107E-003  6.926299880904289E-004
  6.100556796012003E-004 -2.003488596719365E-003  1.541060306647926E-003
  8.007809945288789E-004 -2.695648096187790E-004 -2.103871644531761E-003
 -1.850585155362787E-003  5.608540612389625E-003 -4.321555957338873E-003
 -4.066517707448404E-006  1.043494276547918E-005  2.607688170817395E-005
 Hessian
  0.511651856327012      -5.294866989094218E-003  6.479965261052144E-003
 -0.278389555744238       2.618266817588170E-002 -1.137422394155250E-002
 -8.146853750695451E-002 -8.021594614559045E-002 -3.396833050847804E-002
 -6.014115762378620E-002  5.396375796744016E-002 -4.191627466033943E-002
 -7.236602453361336E-002  1.251286538613336E-002  7.439140881805230E-002
 -1.928597879920931E-002 -7.150398981905333E-003  6.383926295262124E-003
 -6.021192100864914E-007  1.920587136235632E-006  3.528736002099092E-006
 -5.294866989094217E-003  0.596985076027097      -2.238597695719036E-002
 -1.307034620381579E-002 -7.979218822767434E-002  1.705633009923676E-002
 -7.467438071446517E-002 -0.240747217588025      -8.074569888574749E-002
  4.262853828468730E-002 -0.214296002683667       0.126263837877715     
  1.322828163774489E-002 -6.102230838173207E-002 -3.890751945063963E-002
  3.718091519237696E-002 -1.125676988927556E-003 -1.280885669290456E-003
  1.858792565651585E-006 -1.682157071538481E-006 -8.701408286660098E-008
  6.479965261052145E-003 -2.238597695719032E-002  0.585530669954911     
  1.941410413077286E-002  1.541185773248986E-002 -7.164924013117567E-002
 -3.327548330190157E-002 -7.939834179905012E-002 -8.839846962180377E-002
 -3.303210901795348E-002  0.125787200445038      -0.148168349885928     
  6.879699491129691E-002 -3.998077495573883E-002 -0.277270736455768     
 -2.838430586733572E-002  5.695444616271255E-004 -3.861238610672511E-005
  8.338840662231219E-007 -3.508927181406817E-006 -5.261474124228726E-006
 -0.278389555744238      -1.307034620381579E-002  1.941410413077289E-002
  0.449797527848855      -0.127098038431702       8.250034699568896E-002
 -3.437323855232378E-002 -1.375805281218659E-003 -1.596366518070571E-003
 -2.285667419110545E-002  3.031196902319827E-003 -1.333689100906037E-003
 -3.217304094328741E-002  2.781943527277121E-003  3.983440502136199E-003
 -8.200469935364314E-002  0.135731484587185      -0.102967554799967     
 -3.190642568456662E-007 -4.351000438420315E-007 -2.812096554334130E-007
  2.618266817588171E-002 -7.979218822767437E-002  1.541185773248986E-002
 -0.127098038431702       0.385641527793691      -0.267495458286431     
 -2.979171855049038E-002  1.030205675103934E-002  3.278875837314919E-003
  3.366457608538761E-002  1.913752158206725E-003 -1.229583464735402E-003
  7.048189986425000E-003  3.669668641005474E-003  6.021955292631823E-005
  8.999605539119111E-002 -0.321735623758396       0.249971840486501     
 -1.732656694941726E-006  8.066421233690354E-007  2.248141936461082E-006
 -1.137422394155248E-002  1.705633009923674E-002 -7.164924013117581E-002
  8.250034699568898E-002 -0.267495458286431       0.244210485202072     
 -1.301507313031143E-002  2.049244787255100E-003  4.942566928497450E-003
 -2.534957218646910E-002  5.196104649045450E-005  3.151498494321277E-003
  3.434009393922443E-002  2.757132764276213E-004  9.366908512172457E-003
 -6.709891821421302E-002  0.248061075971984      -0.190023416109388     
 -2.653462366133869E-006  1.133105040534498E-006  1.197103498237294E-006
 -8.146853750695451E-002 -7.467438071446514E-002 -3.327548330190157E-002
 -3.437323855232377E-002 -2.979171855049039E-002 -1.301507313031141E-002
  0.104081123028139       9.194955864362733E-002  3.912512209935292E-002
  4.426778397175141E-003  6.024883361419910E-003  3.522260675325917E-003
  6.021894356988052E-003  7.959488020854286E-003  2.872608250630675E-003
  1.311105001456366E-003 -1.467164133452420E-003  7.721210596703817E-004
  8.752755193017531E-007 -6.666274936018428E-007 -1.555652766957033E-006
 -8.021594614559045E-002 -0.240747217588025      -7.939834179905009E-002
 -1.375805281218673E-003  1.030205675103931E-002  2.049244787255097E-003
  9.194955864362735E-002  0.253356353682769       8.851458373912953E-002
 -8.516570156504619E-003 -2.033208886159127E-002 -1.095849136764523E-002
 -1.315917781434002E-003 -3.691780833464849E-003 -8.099633735321251E-004
 -5.260366655008134E-004  1.113154224082714E-003  6.038880877684736E-004
  7.173866212064074E-007 -4.773748098475529E-007 -9.200739256764544E-007
 -3.396833050847805E-002 -8.074569888574747E-002 -8.839846962180382E-002
 -1.596366518070568E-003  3.278875837314918E-003  4.942566928497445E-003
  3.912512209935292E-002  8.851458373912954E-002  8.572290049565670E-002
  7.653521012034422E-003  1.737899655524161E-002  8.426596196375230E-003
 -1.039796993818122E-002 -2.783614986917352E-002 -1.040699386528324E-002
 -8.166364047684920E-004 -5.906031236281038E-004 -2.864012274925228E-004
  6.602581109004736E-007 -4.253137188180856E-009 -1.989059496099969E-007
 -6.014115762378622E-002  4.262853828468731E-002 -3.303210901795350E-002
 -2.285667419110545E-002  3.366457608538763E-002 -2.534957218646911E-002
  4.426778397175148E-003 -8.516570156504630E-003  7.653521012034423E-003
  8.258808763334492E-002 -6.018252004573905E-002  4.568729485312116E-002
  3.935495112849260E-003 -8.170529403961587E-003  5.148559422249462E-003
 -7.952380665550370E-003  5.766760024017476E-004 -1.073333329859070E-004
 -1.486629272620925E-007 -1.707662712462085E-007 -3.607499966158717E-007
  5.396375796744018E-002 -0.214296002683667       0.125787200445038     
  3.031196902319815E-003  1.913752158206708E-003  5.196104649046915E-005
  6.024883361419917E-003 -2.033208886159125E-002  1.737899655524160E-002
 -6.018252004573904E-002  0.225276922991367      -0.137299518343043     
 -2.171198336821942E-003  5.737585229497940E-003 -4.783623996311750E-003
 -6.660844403586792E-004  1.698795013430683E-003 -1.135973927430847E-003
 -3.540826025604206E-008  1.036152755734351E-006  9.582200162598593E-007
 -4.191627466033940E-002  0.126263837877715      -0.148168349885928     
 -1.333689100906038E-003 -1.229583464735396E-003  3.151498494321272E-003
  3.522260675325923E-003 -1.095849136764524E-002  8.426596196375227E-003
  4.568729485312115E-002 -0.137299518343043       0.152628547419576     
 -6.822762391588626E-003  2.441052137056599E-002 -1.714970282924470E-002
  8.626898625108925E-004 -1.187077371841913E-003  1.110824125632279E-003
  4.807618759330099E-007  3.112989848805613E-007  5.864792681300072E-007
 -7.236602453361334E-002  1.322828163774487E-002  6.879699491129693E-002
 -3.217304094328741E-002  7.048189986424973E-003  3.434009393922448E-002
  6.021894356988043E-003 -1.315917781434006E-003 -1.039796993818123E-002
  3.935495112849257E-003 -2.171198336821938E-003 -6.822762391588629E-003
  9.319155077254883E-002 -1.563739284926993E-002 -8.709230433512163E-002
  1.390918435363895E-003 -1.149695961674732E-003  1.181249065030957E-003
 -7.932008500918510E-007 -2.266694971092667E-006 -5.301250659270868E-006
  1.251286538613336E-002 -6.102230838173207E-002 -3.998077495573884E-002
  2.781943527277128E-003  3.669668641005496E-003  2.757132764276350E-004
  7.959488020854288E-003 -3.691780833464837E-003 -2.783614986917353E-002
 -8.170529403961589E-003  5.737585229497934E-003  2.441052137056599E-002
 -1.563739284926993E-002  5.549523173264049E-002  4.412292407605965E-002
  5.557565656160306E-004 -1.888785414678080E-004 -9.981547314908211E-004
 -2.131246648854366E-006  4.821535217647545E-007  5.920833349099791E-006
  7.439140881805228E-002 -3.890751945063964E-002 -0.277270736455768     
  3.983440502136190E-003  6.021955292633974E-005  9.366908512172527E-003
  2.872608250630678E-003 -8.099633735321292E-004 -1.040699386528325E-002
  5.148559422249464E-003 -4.783623996311753E-003 -1.714970282924469E-002
 -8.709230433512162E-002  4.412292407605965E-002  0.294504115171542     
  6.974637276312967E-004  3.095069933140042E-004  9.388364948979482E-004
 -1.176385575513879E-006  8.456198189754318E-006  1.757297167761771E-005
 -1.928597879920929E-002  3.718091519237696E-002 -2.838430586733571E-002
 -8.200469935364313E-002  8.999605539119111E-002 -6.709891821421304E-002
  1.311105001456369E-003 -5.260366655008103E-004 -8.166364047684902E-004
 -7.952380665550375E-003 -6.660844403586839E-004  8.626898625108927E-004
  1.390918435363905E-003  5.557565656160463E-004  6.974637276313014E-004
  0.106541719283740      -0.126540643201923       9.473849631485720E-002
 -6.839021582654869E-007  3.715859617640180E-008  1.210581318708942E-006
 -7.150398981905334E-003 -1.125676988927553E-003  5.695444616271211E-004
  0.135731484587185      -0.321735623758396       0.248061075971984     
 -1.467164133452410E-003  1.113154224082675E-003 -5.906031236281151E-004
  5.766760024017430E-004  1.698795013430681E-003 -1.187077371841915E-003
 -1.149695961674727E-003 -1.888785414678105E-004  3.095069933139947E-004
 -0.126540643201923       0.320238873930856      -0.247161216897390     
 -2.583106301442747E-007 -6.438795738155004E-007 -1.230034067428765E-006
  6.383926295262120E-003 -1.280885669290473E-003 -3.861238610673749E-005
 -0.102967554799967       0.249971840486501      -0.190023416109388     
  7.721210596703840E-004  6.038880877684776E-004 -2.864012274925308E-004
 -1.073333329858925E-004 -1.135973927430838E-003  1.110824125632284E-003
  1.181249065030947E-003 -9.981547314908076E-004  9.388364948979546E-004
  9.473849631485720E-002 -0.247161216897390       0.188298031720247     
 -9.046018688322065E-007  5.026513292706006E-007  7.373822120308987E-007
 -6.021192100845494E-007  1.858792565660760E-006  8.338840662085513E-007
 -3.190642568387350E-007 -1.732656694958589E-006 -2.653462366148002E-006
  8.752755193054973E-007  7.173866212062269E-007  6.602581108981749E-007
 -1.486629272624910E-007 -3.540826025688767E-008  4.807618759332768E-007
 -7.932008501046831E-007 -2.131246648856902E-006 -1.176385575523619E-006
 -6.839021582596582E-007 -2.583106301590817E-007 -9.046018688367851E-007
  1.671673883244610E-006  1.581443047364390E-006  2.759545757468421E-006
  1.920587136235552E-006 -1.682157071530270E-006 -3.508927181404948E-006
 -4.351000438415884E-007  8.066421233724760E-007  1.133105040530007E-006
 -6.666274936014532E-007 -4.773748098450199E-007 -4.253137189626874E-009
 -1.707662712415839E-007  1.036152755736236E-006  3.112989848854037E-007
 -2.266694971093326E-006  4.821535217638887E-007  8.456198189764206E-006
  3.715859617858952E-008 -6.438795738142522E-007  5.026513292727435E-007
  1.581443047363885E-006  4.784630543172265E-007 -6.890073225857950E-006
  3.528736002088836E-006 -8.701408288819271E-008 -5.261474124218685E-006
 -2.812096554246478E-007  2.248141936487098E-006  1.197103498224996E-006
 -1.555652766958837E-006 -9.200739256742601E-007 -1.989059496137526E-007
 -3.607499966136909E-007  9.582200162564602E-007  5.864792681302603E-007
 -5.301250659270051E-006  5.920833349095485E-006  1.757297167762008E-005
  1.210581318709461E-006 -1.230034067422681E-006  7.373822120316652E-007
  2.759545757469081E-006 -6.890073225853254E-006 -1.463355658217491E-005
 Masses in au
   21874.6618111745        29156.9463602902        1837.15258665392     
   1837.15258665392        1837.15258665392        1837.15258665392     
   1837.15258665392     
