 Coordinates, Gradient and Hessian of a Structure written by dl-find
           7           1           1
  0.000000000000000E+000
 Energy
  -116.109419119595     
 Coordinates
  -8.03645399896965        1.06395144944492      -5.615644034153710E-002
  -5.36549543549753       0.880389637449515      -0.252797617493094     
  -8.96927202399892      -0.707612306550099      -0.564176950527674     
  -8.62797548329098        2.51927568439947       -1.38112638518382     
  -8.63238138100696        1.62288100697336        1.84198687675539     
  -4.79720662872272      -0.380689215817481       0.915776281005076     
  -9.20416901669925        3.26641200206222        6.77521130640092     
 Gradient
 -2.318112240820891E-004 -1.170597329271374E-004 -2.115385184025486E-004
  2.543691511815611E-004 -1.281981107106504E-004 -2.238660696629144E-005
  1.484840860204092E-005 -5.375139096366276E-006 -4.353277639129667E-005
  2.141865967071553E-006  4.017019154401161E-005  4.371136056126661E-005
 -6.935095675825649E-005  1.455039013062203E-004  2.831967742937587E-004
  4.190568158986755E-005  7.440159684609248E-005 -1.768244761711136E-005
 -1.210292650019124E-005 -9.442706962149692E-006 -3.176778547779076E-005
 Hessian
  0.474016053445399       6.332899680601006E-004  1.303292421678635E-002
 -0.241796895469766       2.883154885346534E-002 -3.037155591440595E-003
 -8.878275558317467E-002 -9.057734684496897E-002 -2.613125953166109E-002
 -6.173711650505531E-002  5.110370503871397E-002 -4.806275188712174E-002
 -6.258311338156802E-002  1.539971606189929E-002  5.612396795945555E-002
 -1.912615436281553E-002 -5.395477596493535E-003  8.062177685726771E-003
  9.981856981099877E-006  4.564519327060522E-006  1.209714825242736E-005
  6.332899680600937E-004  0.589401662291439      -2.225289481582293E-002
 -5.582190686929391E-003 -7.741045538769947E-002  1.786024803616828E-002
 -8.551527697687530E-002 -0.248379340425506      -5.668674761470186E-002
  4.132072100157130E-002 -0.188681962581293       0.126753800744293     
  1.574806771035554E-002 -7.280686582101606E-002 -6.235351635619376E-002
  3.338859544577337E-002 -2.133526557187542E-003 -3.280754552567168E-003
  6.793538043475173E-006  1.048848125922722E-005 -4.013544117330573E-005
  1.303292421678635E-002 -2.225289481582290E-002  0.585721691893003     
  3.116308141364037E-002  1.289795977218503E-002 -7.744610911214421E-002
 -2.608594755438132E-002 -5.505442138474136E-002 -7.055797521448121E-002
 -3.852929942557748E-002  0.125374533471447      -0.167540804620509     
  5.076443835993474E-002 -6.320068475659589E-002 -0.271598703326260     
 -3.037200882911280E-002  2.276627524284206E-003  1.521492875635087E-003
  2.681181870624681E-005 -4.111981077207436E-005 -9.959249523191878E-005
 -0.241796895469766      -5.582190686929384E-003  3.116308141364039E-002
  0.410160502249678      -0.123826451309291       7.106594591252599E-002
 -3.459269652542837E-002  5.654730745765628E-004  1.284326979472967E-003
 -2.244352171139440E-002  3.365645278694102E-003  1.382389997007340E-004
 -2.822427271569833E-002  4.027350967015800E-003  5.324945802182862E-003
 -8.311478246503765E-002  0.121456232867436      -0.108966645453143     
  1.166663764765799E-005 -6.060191498878227E-006 -9.893654382273934E-006
  2.883154885346534E-002 -7.741045538769953E-002  1.289795977218501E-002
 -0.123826451309291       0.323046226998350      -0.258795252340360     
 -2.806513381007649E-002  1.139336154147997E-002  4.366440323661811E-003
  3.046936404874223E-002  6.238952640750011E-004 -2.915518505317974E-003
  1.115910430098914E-002  3.032172906167292E-003 -9.299420906995144E-005
  8.144646045274777E-002 -0.260691072523944       0.244511439345986     
 -1.489253657906538E-005  5.871201564031280E-006  2.792561291951689E-005
 -3.037155591440601E-003  1.786024803616828E-002 -7.744610911214436E-002
  7.106594591252603E-002 -0.258795252340360       0.290493244821681     
 -6.948906654504390E-003  1.743139920229471E-003  4.707583824047137E-003
 -2.630233276646486E-002  8.980554491357525E-004  4.736316646790552E-003
  3.450136232617797E-002 -4.730829757153132E-004  6.566947957398338E-003
 -6.925650821297517E-002  0.238756395665162      -0.229087657394822     
 -2.240501331723979E-005  1.049624538644917E-005  2.967325704457554E-005
 -8.878275558317465E-002 -8.551527697687528E-002 -2.608594755438132E-002
 -3.459269652542838E-002 -2.806513381007649E-002 -6.948906654504403E-003
  0.111587348048851       0.102225476396104       2.834727395964424E-002
  5.092711243873766E-003  6.754232226598354E-003  2.751568676659430E-003
  5.557009750009259E-003  6.016840048422664E-003  1.205719179229774E-003
  1.140631670434458E-003 -1.411018618312890E-003  7.380959740712823E-004
 -2.248604565511525E-006 -5.119265860748310E-006 -7.803580719048303E-006
 -9.057734684496897E-002 -0.248379340425506      -5.505442138474135E-002
  5.654730745765508E-004  1.139336154147999E-002  1.743139920229453E-003
  0.102225476396104       0.261361520631110       6.147277797509858E-002
 -8.817929912969530E-003 -1.886801016877787E-002 -7.616595766646469E-003
 -2.816015267510276E-003 -6.586514317179851E-003 -9.332906585406419E-004
 -5.822978339146982E-004  1.088684558307461E-003  4.142549019666118E-004
  2.640388682549333E-006 -9.701819433864161E-006 -2.586498736614435E-005
 -2.613125953166108E-002 -5.668674761470186E-002 -7.055797521448127E-002
  1.284326979472955E-003  4.366440323661811E-003  4.707583824047130E-003
  2.834727395964424E-002  6.147277797509858E-002  6.599146421405226E-002
  9.172091410978585E-003  1.934280735549360E-002  6.716251259942300E-003
 -1.180578603136007E-002 -2.789873397903280E-002 -6.545555468652113E-003
 -8.682129345587549E-004 -6.007407853753083E-004 -3.043601685485398E-004
  1.566147484038843E-006  4.196724855542168E-006 -7.408446359505891E-006
 -6.173711650505528E-002  4.132072100157132E-002 -3.852929942557744E-002
 -2.244352171139439E-002  3.046936404874221E-002 -2.630233276646482E-002
  5.092711243873769E-003 -8.817929912969535E-003  9.172091410978595E-003
  8.349193205872674E-002 -5.774926296215067E-002  5.092574645207364E-002
  3.496392655029012E-003 -6.018291394597859E-003  4.255848076115159E-003
 -7.898939638189542E-003  7.946547358024794E-004  4.842123778112564E-004
 -1.458102990236123E-006  7.444836023165329E-007 -6.266124936581972E-006
  5.110370503871396E-002 -0.188681962581293       0.125374533471447     
  3.365645278694110E-003  6.238952640750307E-004  8.980554491357567E-004
  6.754232226598358E-003 -1.886801016877788E-002  1.934280735549362E-002
 -5.774926296215068E-002  0.197766793632743      -0.137212760568275     
 -3.167752426819404E-003  7.795589778683967E-003 -7.275493005331629E-003
 -3.054031813523688E-004  1.360911073589577E-003 -1.149587817954372E-003
 -1.163973684073179E-006  2.783000978707201E-006  2.244511548586262E-005
 -4.806275188712172E-002  0.126753800744293      -0.167540804620509     
  1.382389997007245E-004 -2.915518505317981E-003  4.736316646790532E-003
  2.751568676659437E-003 -7.616595766646473E-003  6.716251259942307E-003
  5.092574645207363E-002 -0.137212760568275       0.173213511039206     
 -7.165796988649024E-003  2.225385986492304E-002 -1.834888867877185E-002
  1.409685977926693E-003 -1.251585122380380E-003  1.239244851485768E-003
  3.308769409997927E-006 -1.120064659734764E-005 -1.563049814291623E-005
 -6.258311338156802E-002  1.574806771035553E-002  5.076443835993474E-002
 -2.822427271569835E-002  1.115910430098918E-002  3.450136232617797E-002
  5.557009750009260E-003 -2.816015267510274E-003 -1.180578603136007E-002
  3.496392655028996E-003 -3.167752426819402E-003 -7.165796988649032E-003
  8.026939646066093E-002 -1.994937054356288E-002 -6.754981203443347E-002
  1.484803041142856E-003 -9.832701226445931E-004  1.230768161377041E-003
 -2.158095766471233E-007  9.236349188308107E-006  2.482620695587021E-005
  1.539971606189930E-002 -7.280686582101605E-002 -6.320068475659588E-002
  4.027350967015791E-003  3.032172906167275E-003 -4.730829757153353E-004
  6.016840048422678E-003 -6.586514317179851E-003 -2.789873397903279E-002
 -6.018291394597863E-003  7.795589778683998E-003  2.225385986492304E-002
 -1.994937054356287E-002  6.882421577103311E-002  7.029843534857516E-002
  5.171174420905334E-004 -2.333633954655231E-004 -9.171661703626286E-004
  6.637418733440481E-006 -2.523492221870683E-005 -6.262733179470869E-005
  5.612396795945557E-002 -6.235351635619375E-002 -0.271598703326260     
  5.324945802182860E-003 -9.299420906993781E-005  6.566947957398365E-003
  1.205719179229773E-003 -9.332906585406388E-004 -6.545555468652106E-003
  4.255848076115177E-003 -7.275493005331638E-003 -1.834888867877184E-002
 -6.754981203443347E-002  7.029843534857515E-002  0.289257103955254     
  6.213709074428736E-004  4.198248075865198E-004  8.616917510837507E-004
  1.796011001133986E-005 -6.296592700813241E-005 -1.925961900656838E-004
 -1.912615436281552E-002  3.338859544577337E-002 -3.037200882911279E-002
 -8.311478246503765E-002  8.144646045274775E-002 -6.925650821297522E-002
  1.140631670434461E-003 -5.822978339146893E-004 -8.682129345587588E-004
 -7.898939638189578E-003 -3.054031813523794E-004  1.409685977926700E-003
  1.484803041142880E-003  5.171174420905364E-004  6.213709074428746E-004
  0.107516968767423      -0.114466750038766       9.845865288688514E-002
 -2.527012958275299E-006  2.277713418478864E-006  7.020204393828403E-006
 -5.395477596493534E-003 -2.133526557187529E-003  2.276627524284204E-003
  0.121456232867436      -0.260691072523944       0.238756395665162     
 -1.411018618312880E-003  1.088684558307462E-003 -6.007407853753100E-004
  7.946547358025418E-004  1.360911073589576E-003 -1.251585122380389E-003
 -9.832701226445985E-004 -2.333633954655280E-004  4.198248075865192E-004
 -0.114466750038766       0.260615408453481      -0.239585747905087     
  5.628772980275918E-006 -7.041608774488255E-006 -1.477418419453195E-005
  8.062177685726771E-003 -3.280754552567184E-003  1.521492875635042E-003
 -0.108966645453143       0.244511439345986      -0.229087657394822     
  7.380959740712751E-004  4.142549019666114E-004 -3.043601685485450E-004
  4.842123778112618E-004 -1.149587817954404E-003  1.239244851485766E-003
  1.230768161377011E-003 -9.171661703626185E-004  8.616917510837481E-004
  9.845865288688514E-002 -0.239585747905087       0.225759877910644     
 -7.261632730122012E-006  7.562198012292615E-006  9.710174525665953E-006
  9.981856981097593E-006  6.793538043474481E-006  2.681181870621288E-005
  1.166663764767704E-005 -1.489253657909818E-005 -2.240501331725607E-005
 -2.248604565513052E-006  2.640388682550669E-006  1.566147484037050E-006
 -1.458102990229784E-006 -1.163973684084844E-006  3.308769410007511E-006
 -2.158095766563865E-007  6.637418733445701E-006  1.796011001134544E-005
 -2.527012958267516E-006  5.628772980258882E-006 -7.261632730134948E-006
 -1.519896453810742E-005 -5.643608176544327E-006 -1.998019956421321E-005
  4.564519327059827E-006  1.048848125922211E-005 -4.111981077207709E-005
 -6.060191498877919E-006  5.871201564033731E-006  1.049624538645616E-005
 -5.119265860748977E-006 -9.701819433866203E-006  4.196724855538539E-006
  7.444836023229071E-007  2.783000978703700E-006 -1.120064659734471E-005
  9.236349188307319E-006 -2.523492221870515E-005 -6.296592700811826E-005
  2.277713418479062E-006 -7.041608774487890E-006  7.562198012292755E-006
 -5.643608176543665E-006  2.283566662509049E-005  9.303121612325746E-005
  1.209714825242857E-005 -4.013544117330119E-005 -9.959249523200424E-005
 -9.893654382284076E-006  2.792561291952984E-005  2.967325704458263E-005
 -7.803580719044605E-006 -2.586498736614850E-005 -7.408446359511966E-006
 -6.266124936578178E-006  2.244511548586424E-005 -1.563049814292937E-005
  2.482620695586502E-005 -6.262733179470786E-005 -1.925961900656629E-004
  7.020204393821410E-006 -1.477418419452461E-005  9.710174525665325E-006
 -1.998019956421235E-005  9.303121612326030E-005  2.758441982298749E-004
 Masses in au
   21874.6618111745        29156.9463602902        1837.15258665392     
   1837.15258665392        1837.15258665392        1837.15258665392     
   1837.15258665392     
