 Coordinates, Gradient and Hessian of a Structure written by dl-find
           7           1           1
  0.000000000000000E+000
 Energy
  -116.109243086190     
 Coordinates
  -8.02903342030737       0.971112202029317      -0.273697427473519     
  -5.35331992660453       0.897150946036852      -0.230869040317054     
  -8.83115794928828      -0.791254065321728       -1.00175903316746     
  -8.57276428422653        2.49968866753219       -1.53446617659503     
  -8.83097653552858        1.34948744754733        1.59364428987152     
  -4.84915162422196      -0.476847579144871       0.831934022234448     
  -9.42854495620048        4.57860078061585        9.94051726278535     
 Gradient
  3.144495993202125E-003  1.518021492695024E-003  3.998074750679996E-004
 -1.157561889540190E-003 -1.057473183229694E-003  2.437514218742594E-004
 -9.794588498611618E-006 -8.520885106286558E-004 -2.529338432613723E-004
 -5.564392139100453E-004 -2.875612302562571E-004  1.836109509209480E-004
 -6.844749854700050E-004  2.397049311380249E-005  7.910019312385264E-005
 -7.344404156166669E-004  6.498837435560126E-004 -6.672174825345191E-004
 -1.784900166599449E-006  5.247194749776223E-006  1.388128480882687E-005
 Hessian
  0.481331522920224      -6.213930938370719E-003  3.257082895095357E-003
 -0.250467467683586       2.289107886445808E-002 -1.677731370240319E-002
 -7.650165937559439E-002 -7.405796496149651E-002 -2.965386793998355E-002
 -5.906586265747692E-002  4.932476765650562E-002 -4.075717648274520E-002
 -7.667266696404124E-002  1.505607944243410E-002  7.852315172331489E-002
 -1.862318573061705E-002 -7.000441841725229E-003  5.405883833358419E-003
 -6.805089076276890E-007  4.117781959661780E-007  2.239673362204893E-006
 -6.213930938370717E-003  0.590592413630966      -2.362600549304843E-002
 -1.625523272078576E-002 -8.061406256701062E-002  1.582284042429475E-002
 -6.853107009936919E-002 -0.242120900440100      -7.715025967268230E-002
  3.863715498906160E-002 -0.204005726221011       0.126000054870241     
  1.563246183755364E-002 -6.291456553059754E-002 -4.146340405138550E-002
  3.673183972819409E-002 -9.364601578301189E-004  4.162020616531291E-004
 -1.222796284039857E-006 -6.987144171943074E-007  5.718609283820205E-007
  3.257082895095349E-003 -2.362600549304845E-002  0.581229744925083     
  1.306360995024788E-002  1.585674238406354E-002 -7.244994820505381E-002
 -2.921318877288268E-002 -7.599249178075504E-002 -8.607771889892500E-002
 -3.206251697130806E-002  0.125890107312120      -0.155374057502488     
  7.348493697640812E-002 -4.260626032640494E-002 -0.266578324783109     
 -2.853050676141052E-002  4.795287875252134E-004 -7.471796346672280E-004
  5.826838476784367E-007 -1.620883504803163E-006 -2.515900835543404E-006
 -0.250467467683585      -1.625523272078575E-002  1.306360995024787E-002
  0.410384219416985      -0.105665020833030       8.030321726442644E-002
 -3.298933390847805E-002 -1.379474401591054E-003 -2.567065417848383E-003
 -2.097135744187980E-002  2.510746690930441E-003 -1.808859709930751E-003
 -3.204188916650171E-002  2.365717687241432E-003  2.184871290876885E-003
 -7.391393360927291E-002  0.118423370085037      -9.117519891317837E-002
 -2.376072668218395E-007 -1.065078007994366E-007 -5.744645942406088E-007
  2.289107886445807E-002 -8.061406256701058E-002  1.585674238406356E-002
 -0.105665020833030       0.378982370998992      -0.259029099711078     
 -2.976226573435996E-002  9.643337698199764E-003  2.079222331377783E-003
  3.210701597267361E-002  2.041249302454920E-003 -3.428259693134323E-004
  7.244152134613273E-003  3.593792102638500E-003  5.170905685239923E-004
  7.318469758525324E-002 -0.313646941528552       0.240917821206697     
  3.420103894445500E-007  2.539932730013883E-007  1.049189730855543E-006
 -1.677731370240319E-002  1.582284042429476E-002 -7.244994820505374E-002
  8.030321726442644E-002 -0.259029099711078       0.243889032009073     
 -1.306585283785092E-002  1.722953861039657E-003  4.102354797002609E-003
 -2.580040451379929E-002 -2.515683466040732E-004  2.351917614595875E-003
  3.156472904596532E-002  8.432653759565952E-004  1.035599642238507E-002
 -5.622274403612760E-002  0.240891103434387      -0.188249643970757     
 -1.631220209256972E-006  5.049620075029406E-007  2.913327527563094E-007
 -7.650165937559439E-002 -6.853107009936923E-002 -2.921318877288269E-002
 -3.298933390847806E-002 -2.976226573435997E-002 -1.306585283785096E-002
  9.792718356737738E-002  8.508202528031761E-002  3.496503079558314E-002
  4.084001449823326E-003  5.791708105581419E-003  3.342898098545049E-003
  6.108305122419096E-003  8.861614827704374E-003  3.135572200803829E-003
  1.371376381611254E-003 -1.441967989527786E-003  8.356849522115555E-004
  1.267628414192760E-007 -4.439034631454011E-008 -1.444364099574643E-007
 -7.405796496149648E-002 -0.242120900440100      -7.599249178075501E-002
 -1.379474401591066E-003  9.643337698199764E-003  1.722953861039646E-003
  8.508202528031754E-002  0.255312287246543       8.504747804880829E-002
 -7.644375806898288E-003 -1.976876709614864E-002 -1.033876397161575E-002
 -1.410261771845112E-003 -4.212205937557213E-003 -9.365884482530232E-004
 -5.903134584743188E-004  1.146678627475853E-003  4.983675405959337E-004
  3.651199877174870E-007 -4.300984126263803E-007 -9.552498200764844E-007
 -2.965386793998354E-002 -7.715025967268228E-002 -8.607771889892499E-002
 -2.567065417848383E-003  2.079222331377775E-003  4.102354797002579E-003
  3.496503079558314E-002  8.504747804880829E-002  8.345072049900161E-002
  7.498044123812458E-003  1.817138056286193E-002  8.517775654972646E-003
 -9.475669259695420E-003 -2.752436960005935E-002 -9.744170174517994E-003
 -7.662499361134102E-004 -6.234689433985718E-004 -2.491892564872830E-004
 -2.223657549115025E-007  1.727309204791145E-008  2.273789535531089E-007
 -5.906586265747692E-002  3.863715498906160E-002 -3.206251697130805E-002
 -2.097135744187976E-002  3.210701597267362E-002 -2.580040451379930E-002
  4.084001449823324E-003 -7.644375806898293E-003  7.498044123812459E-003
  7.984671308864946E-002 -5.481506023039614E-002  4.488936288870547E-002
  4.113080358522355E-003 -8.624789919915882E-003  5.989146801058471E-003
 -8.006961101694382E-003  3.401490752323660E-004 -5.133203758766828E-004
  3.863040560037023E-007 -9.407975712955394E-008 -3.119525924518619E-007
  4.932476765650565E-002 -0.204005726221011       0.125890107312120     
  2.510746690930413E-003  2.041249302454888E-003 -2.515683466040596E-004
  5.791708105581427E-003 -1.976876709614862E-002  1.817138056286192E-002
 -5.481506023039614E-002  0.214043412584451      -0.137406865499535     
 -2.144527039674355E-003  6.020433012321240E-003 -5.313359386450007E-003
 -6.676721173427418E-004  1.669113928742034E-003 -1.090451050661466E-003
  3.693439572824822E-008  2.844891900091204E-007  7.564082690852845E-007
 -4.075717648274520E-002  0.126000054870241      -0.155374057502488     
 -1.808859709930742E-003 -3.428259693134428E-004  2.351917614595879E-003
  3.342898098545047E-003 -1.033876397161576E-002  8.517775654972653E-003
  4.488936288870546E-002 -0.137406865499535       0.160881219045394     
 -6.272688060864268E-003  2.328539984060322E-002 -1.742596747372771E-002
  6.063364076042353E-004 -1.196950751058408E-003  1.048978917199841E-003
  1.268586853067714E-007 -4.851932153856699E-008  1.337440541584936E-007
 -7.667266696404121E-002  1.563246183755366E-002  7.348493697640814E-002
 -3.204188916650171E-002  7.244152134613267E-003  3.156472904596535E-002
  6.108305122419098E-003 -1.410261771845115E-003 -9.475669259695419E-003
  4.113080358522351E-003 -2.144527039674340E-003 -6.272688060864267E-003
  9.732309382369224E-002 -1.827090694378905E-002 -9.051724843733343E-002
  1.170508599276992E-003 -1.050035974357092E-003  1.218765184690501E-003
 -4.317733685385600E-007 -8.822425029890206E-007 -2.825449169618306E-006
  1.505607944243410E-002 -6.291456553059752E-002 -4.260626032640496E-002
  2.365717687241430E-003  3.593792102638483E-003  8.432653759565858E-004
  8.861614827704372E-003 -4.212205937557193E-003 -2.752436960005935E-002
 -8.624789919915886E-003  6.020433012321244E-003  2.328539984060322E-002
 -1.827090694378906E-002  5.777861683832113E-002  4.692802908653956E-002
  6.122765145753360E-004 -2.666279421735157E-004 -9.291464060795147E-004
  8.391750109334986E-009  5.574570482307013E-007  3.082029443812668E-006
  7.852315172331491E-002 -4.146340405138551E-002 -0.266578324783109     
  2.184871290876882E-003  5.170905685239834E-004  1.035599642238498E-002
  3.135572200803832E-003 -9.365884482530186E-004 -9.744170174517985E-003
  5.989146801058477E-003 -5.313359386450010E-003 -1.742596747372770E-002
 -9.051724843733340E-002  4.692802908653956E-002  0.282486373017226     
  6.849265844792692E-004  2.640586361864875E-004  8.966483442107020E-004
 -4.201631975638296E-007  4.173594843626930E-006  9.444647528738453E-006
 -1.862318573061705E-002  3.673183972819411E-002 -2.853050676141053E-002
 -7.391393360927292E-002  7.318469758525320E-002 -5.622274403612759E-002
  1.371376381611255E-003 -5.903134584743341E-004 -7.662499361134120E-004
 -8.006961101694392E-003 -6.676721173427294E-004  6.063364076042268E-004
  1.170508599276983E-003  6.122765145753484E-004  6.849265844792627E-004
  9.800243823986834E-002 -0.109270893427990       8.422839365188597E-002
 -2.427791728695528E-007  6.517578344430108E-008 -1.559103174799017E-007
 -7.000441841725231E-003 -9.364601578301416E-004  4.795287875252188E-004
  0.118423370085037      -0.313646941528552       0.240891103434387     
 -1.441967989527770E-003  1.146678627475859E-003 -6.234689433985518E-004
  3.401490752323586E-004  1.669113928742047E-003 -1.196950751058406E-003
 -1.050035974357045E-003 -2.666279421735119E-004  2.640586361865240E-004
 -0.109270893427990       0.312034262867438      -0.239813728818769     
 -1.799266668071298E-007 -2.579509660231511E-008 -5.423448733975900E-007
  5.405883833358417E-003  4.162020616531248E-004 -7.471796346672468E-004
 -9.117519891317838E-002  0.240917821206697      -0.188249643970756     
  8.356849522115477E-004  4.983675405959293E-004 -2.491892564872827E-004
 -5.133203758766621E-004 -1.090451050661468E-003  1.048978917199846E-003
  1.218765184690500E-003 -9.291464060795161E-004  8.966483442106857E-004
  8.422839365188597E-002 -0.239813728818769       0.187299378611038     
 -2.083330928244467E-007  9.354665617627027E-007  1.006989463332410E-006
 -6.805089076296455E-007 -1.222796284043639E-006  5.826838476759519E-007
 -2.376072668192334E-007  3.420103894497765E-007 -1.631220209239816E-006
  1.267628414201308E-007  3.651199877174518E-007 -2.223657549069240E-007
  3.863040560062342E-007  3.693439572180336E-008  1.268586853052309E-007
 -4.317733685366823E-007  8.391750110261554E-009 -4.201631975628627E-007
 -2.427791728708437E-007 -1.799266667823371E-007 -2.083330928324290E-007
  1.079601818430043E-006  6.502664278266431E-007  1.772539721560860E-006
  4.117781959638677E-007 -6.987144171992764E-007 -1.620883504785729E-006
 -1.065078007997036E-007  2.539932730052148E-007  5.049620075049932E-007
 -4.439034631411963E-008 -4.300984126288702E-007  1.727309204732739E-008
 -9.407975712939663E-008  2.844891900047568E-007 -4.851932154003301E-008
 -8.822425029878332E-007  5.574570482310311E-007  4.173594843630478E-006
  6.517578344066341E-008 -2.579509660420287E-008  9.354665617663170E-007
  6.502664278265278E-007  5.866841519148015E-008 -3.961893678623422E-006
  2.239673362204953E-006  5.718609283713272E-007 -2.515900835477395E-006
 -5.744645942545115E-007  1.049189730829045E-006  2.913327527340900E-007
 -1.444364099558266E-007 -9.552498200690851E-007  2.273789535489421E-007
 -3.119525924515432E-007  7.564082690826203E-007  1.337440541567713E-007
 -2.825449169625567E-006  3.082029443821831E-006  9.444647528736392E-006
 -1.559103174725679E-007 -5.423448734091293E-007  1.006989463332097E-006
  1.772539721555077E-006 -3.961893678626295E-006 -8.588191917031054E-006
 Masses in au
   21874.6618111745        29156.9463602902        1837.15258665392     
   1837.15258665392        1837.15258665392        1837.15258665392     
   1837.15258665392     
