 Coordinates, Gradient and Hessian of a Structure written by dl-find
           7           1           1
  0.000000000000000E+000
 Energy
  -116.109362225278     
 Coordinates
  -8.00637692042055        1.09308007418160      -2.360911109789980E-002
  -5.34795196904416       0.846309550909104      -0.317150180319608     
  -8.99142169919459      -0.683310421657356      -0.395627505092530     
  -8.62192609029575        2.49522985746963       -1.39329263441616     
  -8.51144870112094        1.75800213259433        1.87000963344859     
  -4.74616567845931      -0.260233691914007       0.978328312266598     
  -9.99659338974369        3.20462531009942        7.16203948825749     
 Gradient
 -6.124256999386839E-004 -9.608967657761808E-004 -1.537951490222191E-003
  1.563593516706268E-003 -1.176819595613490E-003  8.405345932319739E-004
 -8.231217900262148E-006  1.179655913078434E-004  3.255672897716859E-004
  4.444702065905751E-004  2.276273822802433E-004  2.294404243269673E-004
 -2.116453136539707E-004  1.981489188877397E-004  1.266263707166971E-003
 -1.159666612944694E-003  1.581567479380875E-003 -1.164240876286908E-003
 -1.609487885917822E-005  1.240698953296734E-005  4.038635201148686E-005
 Hessian
  0.474566742373294       3.865728262586922E-003  1.917412229698187E-002
 -0.238629557201972       3.069309356767218E-002 -7.335069666462298E-005
 -9.403938206025392E-002 -9.696891754267029E-002 -2.126039078691062E-002
 -6.336995520129694E-002  5.143821220130441E-002 -5.251342866991858E-002
 -5.835710549620318E-002  1.451517785724542E-002  4.477425455887997E-002
 -2.017215030113135E-002 -3.547831582140597E-003  9.885181483184258E-003
  1.407887565143570E-006  4.537236001647122E-006  1.361181444727408E-005
  3.865728262586922E-003  0.586276102818732      -2.472431486810726E-002
  1.855703774178162E-003 -7.380883657433912E-002  1.762223300839222E-002
 -9.232885213426907E-002 -0.250680304692122      -4.265874595498299E-002
  4.233587670436083E-002 -0.178827489814073       0.126883955093252     
  1.465163235996700E-002 -8.012159006641296E-002 -7.274600990894234E-002
  2.961989893570894E-002 -2.847043840171519E-003 -4.376801887079873E-003
  1.209746506804255E-008  9.162168386508916E-006 -3.154825312062430E-007
  1.917412229698187E-002 -2.472431486810725E-002  0.586188455196634     
  3.893062480932810E-002  1.011125850616028E-002 -8.297291880295672E-002
 -2.134704225841240E-002 -4.095465624970562E-002 -6.339883930947031E-002
 -4.241810186760710E-002  0.125134849650204      -0.176410769922916     
  3.900516478566082E-002 -7.343421907595356E-002 -0.266301245223005     
 -3.335847068216471E-002  3.877190593699119E-003  2.920292548515948E-003
  1.370291620510298E-005 -1.010855629571630E-005 -2.497448679936857E-005
 -0.238629557201972       1.855703774178163E-003  3.893062480932809E-002
  0.411502038479023      -0.127333873668234       8.186142815296178E-002
 -3.511451455317011E-002  1.388459439754478E-003  2.998461010492665E-003
 -2.315777719155175E-002  3.776201840485432E-003  8.369991168751721E-004
 -2.619898008849372E-002  4.857851345563342E-003  6.062264142665477E-003
 -8.840447799959585E-002  0.115456459750870      -0.130695490981548     
  3.268555762668656E-006 -8.024826163130320E-007  5.713749224660614E-006
  3.069309356767218E-002 -7.380883657433918E-002  1.011125850616028E-002
 -0.127333873668234       0.261402326743303      -0.254413991832391     
 -2.698243883795897E-002  1.254058400871368E-002  5.001409083552246E-003
  2.863783436675002E-002  3.084488593476888E-004 -3.761079386497113E-003
  1.354819781334036E-002  2.397960123530636E-003 -5.218231658858813E-004
  8.144307344832975E-002 -0.202842621162218       0.243576069058266     
 -5.886689902479486E-006  2.138001662029707E-006  8.157736795870363E-006
 -7.335069666462172E-005  1.762223300839218E-002 -8.297291880295679E-002
  8.186142815296177E-002 -0.254413991832391       0.355195700398457     
 -3.871788996517998E-003  1.473268018769024E-003  4.683411819703655E-003
 -2.737823293716637E-002  1.594500962912520E-003  5.670838223841563E-003
  3.524205003092641E-002 -1.214380373740331E-003  4.693314976678620E-003
 -8.577287238607004E-002  0.234937622134589      -0.287271288848824     
 -7.233167464968535E-006  7.480814691725214E-007  9.422330996039889E-007
 -9.403938206025392E-002 -9.232885213426903E-002 -2.134704225841238E-002
 -3.511451455317013E-002 -2.698243883795897E-002 -3.871788996517998E-003
  0.117669475068927       0.108837880300995       2.170836189313424E-002
  5.579935419280786E-003  7.218539549487028E-003  2.295818959511129E-003
  5.131677489960548E-003  4.657323312634166E-003  4.942279893605139E-004
  7.727927927246176E-004 -1.398758910056858E-003  7.292881758944751E-004
  1.584253074547985E-008 -3.693280830937137E-006 -8.865762969979668E-006
 -9.696891754267029E-002 -0.250680304692122      -4.095465624970563E-002
  1.388459439754482E-003  1.254058400871369E-002  1.473268018769024E-003
  0.108837880300995       0.263466806518267       4.604456708073633E-002
 -9.010088348618338E-003 -1.809952596989399E-002 -6.073396064985514E-003
 -3.713773635334230E-003 -8.107340052460792E-003 -8.290470532918761E-004
 -5.384180558566298E-004  8.856119059372436E-004  3.549817802257430E-004
  4.857841730323103E-006 -5.831718440901970E-006 -1.571751174807379E-005
 -2.126039078691062E-002 -4.265874595498297E-002 -6.339883930947031E-002
  2.998461010492657E-003  5.001409083552235E-003  4.683411819703655E-003
  2.170836189313424E-002  4.604456708073631E-002  5.825753827160897E-002
  9.967728690603635E-003  2.012367113002493E-002  5.595128068034722E-003
 -1.256665044549127E-002 -2.785600956857519E-002 -4.747444577739166E-003
 -8.478718614419364E-004 -6.588892581549856E-004 -3.912612248753430E-004
  3.614996131659659E-007  3.997487399705612E-006  1.466952737492597E-006
 -6.336995520129696E-002  4.233587670436083E-002 -4.241810186760708E-002
 -2.315777719155176E-002  2.863783436675002E-002 -2.737823293716637E-002
  5.579935419280800E-003 -9.010088348618326E-003  9.967728690603632E-003
  8.556660428292623E-002 -5.846896762292772E-002  5.514735036081753E-002
  3.129438998533721E-003 -4.917020735628795E-003  3.527971194787903E-003
 -7.748067261433461E-003  1.422473872009203E-003  1.158020905497415E-003
 -1.790464584793640E-007 -1.082359452112435E-007 -4.736346933092136E-006
  5.143821220130441E-002 -0.178827489814073       0.125134849650204     
  3.776201840485435E-003  3.084488593477437E-004  1.594500962912539E-003
  7.218539549487014E-003 -1.809952596989395E-002  2.012367113002495E-002
 -5.846896762292771E-002  0.186950094900018      -0.137014874563892     
 -3.814390125998411E-003  8.690555160983417E-003 -8.573180347363225E-003
 -1.470079160900781E-004  9.766944707454645E-004 -1.276455509324369E-003
 -2.587926260914911E-006  1.222392871707895E-006  1.148867743729901E-005
 -5.251342866991856E-002  0.126883955093252      -0.176410769922916     
  8.369991168751698E-004 -3.761079386497098E-003  5.670838223841586E-003
  2.295818959511125E-003 -6.073396064985503E-003  5.595128068034729E-003
  5.514735036081755E-002 -0.137014874563892       0.182473560029180     
 -7.499368668403075E-003  2.117296953989871E-002 -1.874120290322542E-002
  1.728300125880036E-003 -1.201656294733060E-003  1.423642514070851E-003
  4.328775237172802E-006 -5.918323043545310E-006 -1.119600898540087E-005
 -5.835710549620317E-002  1.465163235996698E-002  3.900516478566082E-002
 -2.619898008849375E-002  1.354819781334035E-002  3.524205003092640E-002
  5.131677489960555E-003 -3.713773635334232E-003 -1.256665044549128E-002
  3.129438998533717E-003 -3.814390125998420E-003 -7.499368668403079E-003
  7.446348215926353E-002 -1.963467761254596E-002 -5.551328538630899E-002
  1.841638499906286E-003 -1.041075199980099E-003  1.321117909273821E-003
 -1.015156296893087E-005  4.086400551737656E-006  1.097177434290301E-005
  1.451517785724542E-002 -8.012159006641295E-002 -7.343421907595356E-002
  4.857851345563345E-003  2.397960123530643E-003 -1.214380373740308E-003
  4.657323312634164E-003 -8.107340052460790E-003 -2.785600956857521E-002
 -4.917020735628798E-003  8.690555160983413E-003  2.117296953989872E-002
 -1.963467761254596E-002  7.726174521688164E-002  8.219657225977767E-002
  5.164100569600679E-004 -1.051810347917990E-004 -8.447516029938441E-004
  4.935775774318768E-006 -1.614934773065138E-005 -2.018117841433540E-005
  4.477425455887998E-002 -7.274600990894234E-002 -0.266301245223005     
  6.062264142665484E-003 -5.218231658858863E-004  4.693314976678548E-003
  4.942279893605096E-004 -8.290470532918747E-004 -4.747444577739172E-003
  3.527971194787912E-003 -8.573180347363216E-003 -1.874120290322543E-002
 -5.551328538630900E-002  8.219657225977767E-002  0.284145065614056     
  6.417101996163669E-004  4.895547662677954E-004  1.014223162760620E-003
  1.285730100754721E-005 -1.606655056396669E-005 -6.271104952932467E-005
 -2.017215030113136E-002  2.961989893570895E-002 -3.335847068216470E-002
 -8.840447799959583E-002  8.144307344832977E-002 -8.577287238607001E-002
  7.727927927246178E-004 -5.384180558566309E-004 -8.478718614419460E-004
 -7.748067261433451E-003 -1.470079160900837E-004  1.728300125880033E-003
  1.841638499906293E-003  5.164100569600606E-004  6.417101996163618E-004
  0.113711736305313      -0.110894292015823       0.117607555106175     
 -1.472035785347331E-006  3.355467702558830E-007  1.649498004890073E-006
 -3.547831582140588E-003 -2.847043840171484E-003  3.877190593699115E-003
  0.115456459750870      -0.202842621162219       0.234937622134589     
 -1.398758910056849E-003  8.856119059372398E-004 -6.588892581549913E-004
  1.422473872009180E-003  9.766944707454901E-004 -1.201656294733057E-003
 -1.041075199980100E-003 -1.051810347918014E-004  4.895547662678113E-004
 -0.110894292015823       0.203935658486158      -0.237437473061891     
  3.024085124843459E-006 -3.118825657914917E-006 -6.348879777848832E-006
  9.885181483184249E-003 -4.376801887079868E-003  2.920292548515945E-003
 -0.130695490981548       0.243576069058266      -0.287271288848824     
  7.292881758944657E-004  3.549817802257397E-004 -3.912612248753431E-004
  1.158020905497409E-003 -1.276455509324366E-003  1.423642514070867E-003
  1.321117909273835E-003 -8.447516029938449E-004  1.014223162760618E-003
  0.117607555106175      -0.237437473061891       0.282297726595420     
 -5.672598481359934E-006  4.431222796107318E-006  6.665252931475152E-006
  1.407887565141701E-006  1.209746506468612E-008  1.370291620508152E-005
  3.268555762661316E-006 -5.886689902475357E-006 -7.233167464953647E-006
  1.584253074254865E-008  4.857841730320557E-006  3.614996131577953E-007
 -1.790464584844916E-007 -2.587926260917467E-006  4.328775237166622E-006
 -1.015156296892869E-005  4.935775774323805E-006  1.285730100754942E-005
 -1.472035785346835E-006  3.024085124857987E-006 -5.672598481356582E-006
  7.110359354215176E-006 -4.355183931174372E-006 -1.834472611664531E-005
  4.537236001646885E-006  9.162168386500530E-006 -1.010855629570638E-005
 -8.024826163163737E-007  2.138001662032640E-006  7.480814691719746E-007
 -3.693280830937381E-006 -5.831718440895347E-006  3.997487399703153E-006
 -1.082359452114416E-007  1.222392871703016E-006 -5.918323043549383E-006
  4.086400551739773E-006 -1.614934773065154E-005 -1.606655056397026E-005
  3.355467702502181E-007 -3.118825657918308E-006  4.431222796093428E-006
 -4.355183931172566E-006  1.257732890922920E-005  2.291663823825769E-005
  1.361181444727467E-005 -3.154825311854125E-007 -2.497448679932654E-005
  5.713749224657908E-006  8.157736795870173E-006  9.422330995731750E-007
 -8.865762969978919E-006 -1.571751174807670E-005  1.466952737487365E-006
 -4.736346933084598E-006  1.148867743729816E-005 -1.119600898542007E-005
  1.097177434288733E-005 -2.018117841432453E-005 -6.271104952936033E-005
  1.649498004885193E-006 -6.348879777837704E-006  6.665252931474398E-006
 -1.834472611664491E-005  2.291663823825680E-005  8.980710654557284E-005
 Masses in au
   21874.6618111745        29156.9463602902        1837.15258665392     
   1837.15258665392        1837.15258665392        1837.15258665392     
   1837.15258665392     
