 Coordinates, Gradient and Hessian of a Structure written by dl-find
           7           1           1
  0.000000000000000E+000
 Energy
  -116.096760743699     
 Coordinates
  -8.01659278276349        1.10078751335139       4.917219956586930E-002
  -5.39606308708847       0.891779209023158      -0.234426450761112     
  -9.03406394827470      -0.672972671944623      -0.215832863200835     
  -8.69802821762531        2.57377804699244       -1.20703474938993     
  -8.53878265244529        1.80812826617994        2.20129383537525     
  -4.81642477094529      -0.498870453681420       0.773709465032366     
  -8.89505678874288        2.49084210112963        4.48984126409410     
 Gradient
  7.759026011893334E-003 -1.104766087604830E-002 -3.415009764727479E-002
 -1.613766933620283E-003  1.255413104173200E-003  1.847606868447374E-003
 -1.256577635038435E-004  5.236300317245790E-005  2.173144537233546E-003
  2.070721145964587E-005  1.061407446685597E-003  1.328235032341939E-003
 -6.339294034217813E-003  9.737676549758368E-003  3.067893329078317E-002
 -1.883657556962888E-005 -4.364897655089111E-004  2.120446607824136E-004
  3.178220835597252E-004 -6.227094622320864E-004 -2.089866742315212E-003
 Hessian
  0.501831065986001       1.901376907688746E-002  7.493051830894237E-002
 -0.264411236792246       3.471501381721411E-002  9.944645610145150E-003
 -0.101983401109367      -0.105243911410571      -2.361432406628236E-002
 -7.066105817903832E-002  5.917345146135024E-002 -5.990036221855286E-002
 -4.330917102853264E-002 -8.839044517319275E-003 -2.629610380739339E-002
 -2.062755034892408E-002 -4.165696976141151E-003  7.433781330196917E-003
 -8.386485278942368E-004  5.346418548579096E-003  1.750184484294614E-002
  1.901376907688747E-002  0.596731276528904      -0.110360605982588     
 -8.487104055464071E-003 -8.362980621280666E-002  2.185827130754810E-002
 -9.757934640813598E-002 -0.257848309883326      -3.175622418277489E-002
  5.061295103665958E-002 -0.194597381906418       0.133813494219826     
 -4.470131335079646E-003 -5.467834308001165E-002  7.556677448729014E-003
  3.817721843642558E-002 -3.156527697681692E-003 -4.448761375119409E-003
  2.732643248707735E-003 -2.820907748660745E-003 -1.666285143562210E-002
  7.493051830894241E-002 -0.110360605982588       0.345872990373636     
  2.137290725681389E-002  1.829525823324947E-002 -6.514544171019138E-002
 -1.678605083533842E-002 -2.579102494540192E-002 -4.656622767486417E-002
 -4.595870176035637E-002  0.126697419175178      -0.151987098823867     
 -1.638675786151511E-002  6.732410438097853E-003 -3.424515019342866E-002
 -2.612293084340794E-002  5.481550640214256E-004  2.259358844394306E-003
  8.951015734861394E-003 -1.612161198255673E-002 -5.018843081567904E-002
 -0.264411236792246      -8.487104055464078E-003  2.137290725681391E-002
  0.426476388977509      -0.139844822400328       4.573393857869558E-002
 -3.296610234695210E-002  2.713629441765101E-003  5.950922960227023E-003
 -2.185353541051399E-002  4.204532995222115E-003  3.140043058931449E-003
 -2.585964594120915E-002  9.854622499973507E-003  2.485627332134422E-002
 -8.364546072371151E-002  0.134200592859420      -9.323599554230584E-002
  2.259592237125699E-003 -2.641451340587168E-003 -7.818089633708567E-003
  3.471501381721410E-002 -8.362980621280659E-002  1.829525823324948E-002
 -0.139844822400328       0.384565549388638      -0.244745403325135     
 -2.775934812241480E-002  1.205272555056784E-002  5.102062858950123E-003
  3.092035904399889E-002  1.012443741940851E-004 -5.534273592112124E-003
  1.228879659269991E-002  1.244457788828124E-003 -6.552364983236756E-003
  9.039660098521854E-002 -0.315160287078381       0.230802731921959     
 -7.165999163906482E-004  8.261161889576747E-004  2.631988886326925E-003
  9.944645610145134E-003  2.185827130754811E-002 -6.514544171019140E-002
  4.573393857869557E-002 -0.244745403325135       0.226431148186495     
 -3.740271784312100E-003  5.329659725355675E-004  4.221779208501386E-003
 -2.379747326664229E-002  5.334260695870532E-004  5.999121390049971E-003
  3.175753891256480E-002 -3.755014810954665E-003 -4.131104315722775E-003
 -5.860641131880340E-002  0.224317281214489      -0.171069243889315     
 -1.291966731646570E-003  1.258473571931243E-003  3.693741130182005E-003
 -0.101983401109367      -9.757934640813597E-002 -1.678605083533842E-002
 -3.296610234695212E-002 -2.775934812241481E-002 -3.740271784312122E-003
  0.123265435068255       0.115567265370532       1.703766833145170E-002
  6.505706549965948E-003  8.332631089838916E-003  2.187962575586885E-003
  3.659396368143109E-003  3.080910021396482E-003  9.062246095318056E-004
  1.548467074987796E-003 -1.465509035107214E-003  1.140452600186575E-003
 -2.950160503221870E-005 -1.766029161095797E-004 -7.459854971064880E-004
 -0.105243911410571      -0.257848309883325      -2.579102494540190E-002
  2.713629441765108E-003  1.205272555056778E-002  5.329659725355419E-004
  0.115567265370532       0.265979802713036       3.276452732117469E-002
 -9.445224619965109E-003 -1.532403244865343E-002 -6.206732732412094E-003
 -2.923322982751653E-003 -6.595444255276238E-003 -1.204378339681832E-003
 -8.313218097146135E-004  1.611962283235209E-003  3.181201377726895E-004
  1.628860107050000E-004  1.232960404164044E-004 -4.134774139870546E-004
 -2.361432406628236E-002 -3.175622418277489E-002 -4.656622767486415E-002
  5.950922960227023E-003  5.102062858950119E-003  4.221779208501399E-003
  1.703766833145169E-002  3.276452732117469E-002  4.679780518635107E-002
  9.759676853287014E-003  1.778160343852030E-002  5.116732823254835E-003
 -7.708326495849133E-003 -2.514399527928557E-002 -1.309600046842494E-002
 -9.539483730218274E-004 -3.964169552849831E-004 -4.084294870594083E-004
 -4.716692098129603E-004  1.648442798700170E-003  3.934340412241946E-003
 -7.066105817903830E-002  5.061295103665957E-002 -4.595870176035636E-002
 -2.185353541051401E-002  3.092035904399889E-002 -2.379747326664225E-002
  6.505706549965943E-003 -9.445224619965092E-003  9.759676853287019E-003
  9.126143581929816E-002 -6.915253763138690E-002  5.784023886980739E-002
  2.389530290170146E-003 -3.034514345469019E-003  2.490066707404938E-003
 -7.559432292424811E-003  1.968921098931819E-004  1.260651030550065E-004
 -8.264677745706625E-005 -9.792559373059557E-005 -4.598725065558896E-004
  5.917345146135027E-002 -0.194597381906418       0.126697419175178     
  4.204532995222107E-003  1.012443741940795E-004  5.334260695870470E-004
  8.332631089838918E-003 -1.532403244865346E-002  1.778160343852031E-002
 -6.915253763138690E-002  0.202108459252606      -0.136575390433605     
 -1.909453549742782E-003  5.056531238478238E-003 -1.002937761005190E-002
 -3.456209554860539E-004  1.991277152468334E-003 -6.000511121503266E-004
 -3.030034097959106E-004  6.639023373247503E-004  2.192370472522544E-003
 -5.990036221855286E-002  0.133813494219826      -0.151987098823867     
  3.140043058931463E-003 -5.534273592112126E-003  5.999121390050009E-003
  2.187962575586884E-003 -6.206732732412092E-003  5.116732823254823E-003
  5.784023886980738E-002 -0.136575390433605       0.157953189145428     
 -4.877910196907422E-003  1.507398896894062E-002 -2.088930742365152E-002
  1.817661615503415E-003 -8.570533698826328E-004  1.310415858226410E-003
 -2.076337043696734E-004  2.859669392448866E-004  2.496947030560417E-003
 -4.330917102853261E-002 -4.470131335079636E-003 -1.638675786151510E-002
 -2.585964594120917E-002  1.228879659269991E-002  3.175753891256480E-002
  3.659396368143109E-003 -2.923322982751646E-003 -7.708326495849132E-003
  2.389530290170150E-003 -1.909453549742781E-003 -4.877910196907432E-003
  6.398382231954254E-002  8.415481610950656E-004  4.611046507514476E-003
  8.478051722192705E-004 -1.270716062844340E-003  1.206221262136228E-003
 -1.711737180332923E-003 -2.556720823376441E-003 -8.601812127944341E-003
 -8.839044517319280E-003 -5.467834308001161E-002  6.732410438097866E-003
  9.854622499973513E-003  1.244457788828114E-003 -3.755014810954671E-003
  3.080910021396482E-003 -6.595444255276225E-003 -2.514399527928557E-002
 -3.034514345469017E-003  5.056531238478205E-003  1.507398896894061E-002
  8.415481610950700E-004  5.356787661416746E-002 -5.178466696926637E-003
  1.235213235981820E-004  4.724443707169958E-004 -1.053244625780711E-003
 -2.027043143275417E-003  9.324773230968925E-004  1.332432200590983E-002
 -2.629610380739340E-002  7.556677448729015E-003 -3.424515019342868E-002
  2.485627332134423E-002 -6.552364983236760E-003 -4.131104315722781E-003
  9.062246095318054E-004 -1.204378339681840E-003 -1.309600046842494E-002
  2.490066707404944E-003 -1.002937761005190E-002 -2.088930742365152E-002
  4.611046507514477E-003 -5.178466696926634E-003  3.354936863061804E-002
 -1.001053756208617E-004  2.755564655363058E-003 -1.826276727121620E-004
 -6.467401962780830E-003  1.265234552580501E-002  3.899482144332174E-002
 -2.062755034892409E-002  3.817721843642559E-002 -2.612293084340794E-002
 -8.364546072371150E-002  9.039660098521850E-002 -5.860641131880342E-002
  1.548467074987796E-003 -8.313218097146211E-004 -9.539483730218271E-004
 -7.559432292424813E-003 -3.456209554860700E-004  1.817661615503414E-003
  8.478051722192640E-004  1.235213235981801E-004 -1.001053756208604E-004
  0.109536350343406      -0.127652785120568       8.358068995530485E-002
 -1.001792255530537E-004  1.323871405250796E-004  3.850443400465059E-004
 -4.165696976141146E-003 -3.156527697681705E-003  5.481550640214180E-004
  0.134200592859420      -0.315160287078381       0.224317281214489     
 -1.465509035107220E-003  1.611962283235197E-003 -3.964169552849933E-004
  1.968921098931611E-004  1.991277152468314E-003 -8.570533698826505E-004
 -1.270716062844342E-003  4.724443707169962E-004  2.755564655363056E-003
 -0.127652785120568       0.314694281879334      -0.225241744343801     
  1.572222253490980E-004 -4.531509096887948E-004 -1.125786264907218E-003
  7.433781330196919E-003 -4.448761375119406E-003  2.259358844394308E-003
 -9.323599554230586E-002  0.230802731921959      -0.171069243889315     
  1.140452600186556E-003  3.181201377726901E-004 -4.084294870594061E-004
  1.260651030550309E-004 -6.000511121503636E-004  1.310415858226419E-003
  1.206221262136212E-003 -1.053244625780709E-003 -1.826276727121645E-004
  8.358068995530482E-002 -0.225241744343801       0.167785520507087     
 -2.512147085750396E-004  2.229493971173309E-004  3.050058393798057E-004
 -8.386485278942351E-004  2.732643248707742E-003  8.951015734861371E-003
  2.259592237125691E-003 -7.165999163906231E-004 -1.291966731646565E-003
 -2.950160503221747E-005  1.628860107050085E-004 -4.716692098129602E-004
 -8.264677745706470E-005 -3.030034097959153E-004 -2.076337043696871E-004
 -1.711737180332913E-003 -2.027043143275411E-003 -6.467401962780829E-003
 -1.001792255530573E-004  1.572222253490797E-004 -2.512147085750530E-004
  5.031210791435726E-004 -6.105015299941389E-006 -2.611294176759725E-004
  5.346418548579101E-003 -2.820907748660742E-003 -1.612161198255672E-002
 -2.641451340587165E-003  8.261161889576768E-004  1.258473571931247E-003
 -1.766029161095773E-004  1.232960404164064E-004  1.648442798700161E-003
 -9.792559373060351E-005  6.639023373247585E-004  2.859669392448910E-004
 -2.556720823376438E-003  9.324773230968945E-004  1.265234552580501E-002
  1.323871405250746E-004 -4.531509096888027E-004  2.229493971173285E-004
 -6.105015299941320E-006  7.282667685539305E-004  5.343374975747665E-005
  1.750184484294613E-002 -1.666285143562210E-002 -5.018843081567904E-002
 -7.818089633708572E-003  2.631988886326899E-003  3.693741130182017E-003
 -7.459854971064868E-004 -4.134774139870555E-004  3.934340412241947E-003
 -4.598725065558916E-004  2.192370472522541E-003  2.496947030560414E-003
 -8.601812127944345E-003  1.332432200590983E-002  3.899482144332174E-002
  3.850443400465084E-004 -1.125786264907216E-003  3.050058393798059E-004
 -2.611294176759739E-004  5.343374975747616E-005  7.635749599912614E-004
 Masses in au
   21874.6618111745        29156.9463602902        1837.15258665392     
   1837.15258665392        1837.15258665392        1837.15258665392     
   1837.15258665392     
