 Coordinates, Gradient and Hessian of a Structure written by dl-find
           7           1           1
  0.000000000000000E+000
 Energy
  -116.106600301208     
 Coordinates
  -8.11122065646610       0.988256180266015      -0.350566594855794     
  -5.43299496013678       0.900522407377221      -9.276290245839459E-002
  -8.86921118613872      -0.742075440685203       -1.12541046280426     
  -8.47813848922325        2.46325417054171       -1.70139518141622     
  -9.07568234344853        1.35947767652664        1.43941840562779     
  -4.80721764469533       0.250314894602574        1.47016709303310     
  -7.03925430932324        3.57106504201070        8.47051608775331     
 Gradient
 -8.880527824517514E-003  3.748310736177928E-003 -1.229660381066924E-002
 -4.779967943444654E-003 -4.980656689817952E-003  1.044527343459475E-002
  2.307860047030274E-004  9.381385891113814E-003  1.766595617370192E-003
  3.674063570123691E-003 -8.126041680740208E-003  1.970919709239326E-003
 -1.313357843766742E-003 -3.367373037397674E-003  1.903169419199500E-003
  1.106758845967704E-002  3.326163411300293E-003 -3.842409130977903E-003
  1.415577225185450E-006  1.821136936380370E-005  5.305476124340213E-005
 Hessian
  0.460909601998808       1.687647688480401E-002 -7.973790758665703E-003
 -0.237314599891137       1.098357486732030E-002 -3.655344239872738E-002
 -7.306433231905703E-002 -7.874373122444286E-002 -3.363785738721582E-002
 -4.636957090448048E-002  3.501073762583649E-002 -2.970257498749787E-002
 -9.567736909561796E-002  1.940864872352893E-002  9.633634849646648E-002
 -8.484999319011101E-003 -3.538756692743798E-003  1.152410031083962E-002
  1.269530496053851E-006  3.049815695294487E-006  7.216724800870043E-006
  1.687647688480401E-002  0.596948854908899      -2.353728054388086E-002
 -4.325312475592065E-003 -5.592507726901424E-002  1.495218030923053E-002
 -7.505293456694280E-002 -0.261277563741988      -9.126312232539534E-002
  2.682472762968767E-002 -0.208864978293537       0.143296167357424     
  2.012215384991693E-002 -6.236624905897057E-002 -4.030708344504407E-002
  1.555554526251036E-002 -8.513997205365663E-003 -3.142002474125624E-003
 -6.565843843123555E-007 -9.893400231417110E-007  1.141121790991804E-006
 -7.973790758665691E-003 -2.353728054388086E-002  0.612179808728241     
  6.836081413598869E-003  1.313705030722296E-002 -8.982004135885119E-002
 -3.239174736858012E-002 -9.081971054348927E-002 -9.142703612251322E-002
 -2.076612725823285E-002  0.143794455942837      -0.179240895834021     
  8.997400294951580E-002 -4.075061614692924E-002 -0.252827324129385     
 -3.567634048873879E-002 -1.823637610357187E-003  1.137771842758532E-003
 -2.078488898514107E-006 -2.614053995583922E-007 -2.283126229740732E-006
 -0.237314599891137      -4.325312475592061E-003  6.836081413598906E-003
  0.417114327186257      -6.548241429446638E-002  0.172728047672256     
 -2.983819886725090E-002 -1.854497099910749E-003 -4.803229668001999E-003
 -2.370685046811511E-002  2.732591042705999E-003 -5.454292909030681E-003
 -3.209570051356705E-002  2.380064456423818E-003 -3.391065822517086E-003
 -9.415870866254059E-002  6.655208649826425E-002 -0.165911442391031     
 -2.687836447290600E-007 -2.518127422818694E-006 -4.098295273750884E-006
  1.098357486732030E-002 -5.592507726901427E-002  1.313705030722297E-002
 -6.548241429446640E-002  0.100120870013713      -0.194004274058048     
 -2.584649330834155E-002  1.185535742763084E-002 -2.712645220499071E-004
  2.611364178984286E-002  4.509936402579397E-003  2.101414325831163E-003
  6.820733133199565E-003  1.326825611019763E-003  1.166773759589429E-003
  4.741263603090137E-002 -6.188890838432010E-002  0.177863191077370     
 -1.678218457185399E-006  9.961983893308937E-007  7.109110082982624E-006
 -3.655344239872738E-002  1.495218030923051E-002 -8.982004135885116E-002
  0.172728047672256      -0.194004274058048       0.497767571943151     
 -1.550662194661874E-002  2.247708805845372E-003  2.369599901669118E-003
 -3.230398308573460E-002  4.117959058020637E-004 -1.654894831607504E-003
  2.774288615494483E-002  3.176448629314261E-004  1.125935976301329E-002
 -0.116107242630403       0.176077387968984      -0.419921131146908     
  3.562342854946465E-007 -2.443794740443169E-006 -4.642704646775216E-007
 -7.306433231905701E-002 -7.505293456694276E-002 -3.239174736858012E-002
 -2.983819886725091E-002 -2.584649330834155E-002 -1.550662194661873E-002
  9.343418500236951E-002  8.865358633592713E-002  4.033070740112640E-002
  3.781047620879838E-003  3.207873577670773E-003  2.128653418832443E-003
  6.797615709409458E-003  1.213093687398284E-002  5.133048230619322E-003
 -1.110061214547461E-003 -3.092676110883418E-003  3.069135302566123E-004
 -2.559318033930962E-007 -2.928014130712329E-007 -9.532656359241307E-007
 -7.874373122444285E-002 -0.261277563741988      -9.081971054348922E-002
 -1.854497099910763E-003  1.185535742763086E-002  2.247708805845378E-003
  8.865358633592710E-002  0.275745476502843       9.964883630315052E-002
 -6.918482598900363E-003 -2.232890663030073E-002 -1.064184366316893E-002
 -1.425991017573035E-003 -4.289491169017549E-003 -1.215674233376136E-003
  2.891889526902961E-004  2.959375418838329E-004  7.828022157316334E-004
 -7.334779039013203E-008 -8.099310514149294E-007 -2.118884693212388E-006
 -3.363785738721582E-002 -9.126312232539535E-002 -9.142703612251325E-002
 -4.803229668002005E-003 -2.712645220499188E-004  2.369599901669086E-003
  4.033070740112642E-002  9.964883630315052E-002  9.056857261527723E-002
  6.719854428248125E-003  2.038548971576437E-002  9.570086067340118E-003
 -7.990370889341389E-003 -2.716273875811893E-002 -1.069881144569387E-002
 -6.194848920659929E-004 -1.337438067580082E-003 -3.833072107285611E-004
  3.810072506021028E-007  2.376542295570056E-007  8.961946492184869E-007
 -4.636957090448045E-002  2.682472762968764E-002 -2.076612725823283E-002
 -2.370685046811514E-002  2.611364178984286E-002 -3.230398308573462E-002
  3.781047620879832E-003 -6.918482598900367E-003  6.719854428248124E-003
  6.929476491365670E-002 -3.801791376630556E-002  3.781472058212731E-002
  3.641495699941734E-003 -1.158071338880707E-002  7.709317203652662E-003
 -6.640897521832558E-003  3.578887695389367E-003  8.265366882896696E-004
  1.065994989580912E-008 -1.473609070301628E-007 -3.185583503270541E-007
  3.501073762583651E-002 -0.208864978293537       0.143794455942837     
  2.732591042706007E-003  4.509936402579405E-003  4.117959058020737E-004
  3.207873577670773E-003 -2.232890663030077E-002  2.038548971576437E-002
 -3.801791376630554E-002  0.219341128314681      -0.155874780077633     
 -2.186533557951473E-003  7.317489544306353E-003 -7.090548926657720E-003
 -7.471706487110056E-004  2.453311907840656E-005 -1.628673782114490E-003
  4.157267547152292E-007  7.975431923284260E-007  2.261222001329418E-006
 -2.970257498749787E-002  0.143296167357424      -0.179240895834021     
 -5.454292909030678E-003  2.101414325831148E-003 -1.654894831607520E-003
  2.128653418832439E-003 -1.064184366316896E-002  9.570086067340115E-003
  3.781472058212732E-002 -0.155874780077633       0.184643267246658     
 -4.524082003518948E-003  2.098622220739196E-002 -1.508681929566955E-002
 -2.627356793496166E-004  1.334489106935648E-004  1.770471638623944E-003
  3.115784372622197E-007 -6.290605392471152E-007 -1.214991324204156E-006
 -9.567736909561796E-002  2.012215384991692E-002  8.997400294951582E-002
 -3.209570051356703E-002  6.820733133199561E-003  2.774288615494484E-002
  6.797615709409457E-003 -1.425991017573037E-003 -7.990370889341384E-003
  3.641495699941753E-003 -2.186533557951472E-003 -4.524082003518952E-003
  0.114771711499795      -2.282544382807925E-002 -0.106662853136789     
  2.565394058324628E-003 -5.049206800241144E-004  1.461885000004790E-003
 -3.147358286567745E-006  2.100513019369135E-009 -1.468074816430453E-006
  1.940864872352892E-002 -6.236624905897054E-002 -4.075061614692924E-002
  2.380064456423822E-003  1.326825611019751E-003  3.176448629314112E-004
  1.213093687398285E-002 -4.289491169017549E-003 -2.716273875811893E-002
 -1.158071338880707E-002  7.317489544306333E-003  2.098622220739197E-002
 -2.282544382807924E-002  5.721300249855239E-002  4.704835126550846E-002
  4.845350467497034E-004  7.992557350152851E-004 -4.447657978863747E-004
  1.972116201256448E-006 -8.331609064281906E-007  5.902367102799995E-006
  9.633634849646648E-002 -4.030708344504404E-002 -0.252827324129385     
 -3.391065822517073E-003  1.166773759589415E-003  1.125935976301329E-002
  5.133048230619312E-003 -1.215674233376133E-003 -1.069881144569385E-002
  7.709317203652660E-003 -7.090548926657728E-003 -1.508681929566957E-002
 -0.106662853136789       4.704835126550845E-002  0.265422783761711     
  8.678844818974716E-004  3.902384146793422E-004  1.908952837843121E-003
  7.320546671338417E-006  7.943165296569130E-006  2.185850818207902E-005
 -8.484999319011132E-003  1.555554526251038E-002 -3.567634048873879E-002
 -9.415870866254060E-002  4.741263603090135E-002 -0.116107242630403     
 -1.110061214547469E-003  2.891889526902961E-004 -6.194848920659942E-004
 -6.640897521832561E-003 -7.471706487110082E-004 -2.627356793496166E-004
  2.565394058324648E-003  4.845350467497047E-004  8.678844818974825E-004
  0.107830899125023      -6.299423896311013E-002  0.151797781694071     
 -1.626465416990107E-006 -4.956810324154218E-007  1.375145888673390E-007
 -3.538756692743799E-003 -8.513997205365654E-003 -1.823637610357207E-003
  6.655208649826427E-002 -6.188890838432010E-002  0.176077387968984     
 -3.092676110883428E-003  2.959375418838400E-004 -1.337438067580088E-003
  3.578887695389377E-003  2.453311907840379E-005  1.334489106935750E-004
 -5.049206800241152E-004  7.992557350152838E-004  3.902384146793511E-004
 -6.299423896311016E-002  6.928378695563048E-002 -0.173440291947854     
 -3.817468911375213E-007 -6.077619201608744E-007  2.923314360885830E-007
  1.152410031083962E-002 -3.142002474125611E-003  1.137771842758564E-003
 -0.165911442391031       0.177863191077370      -0.419921131146908     
  3.069135302566214E-004  7.828022157316293E-004 -3.833072107285897E-004
  8.265366882897414E-004 -1.628673782114505E-003  1.770471638623929E-003
  1.461885000004767E-003 -4.447657978863877E-004  1.908952837843128E-003
  0.151797781694071      -0.173440291947854       0.415470617134751     
 -5.774832432959760E-006  9.740708874065668E-006  1.662490365798296E-005
  1.269530496054218E-006 -6.565843843030635E-007 -2.078488898511154E-006
 -2.687836447394000E-007 -1.678218457169902E-006  3.562342855204736E-007
 -2.559318033897619E-007 -7.334779039127270E-008  3.810072506086930E-007
  1.065994989771432E-008  4.157267547152991E-007  3.115784372712420E-007
 -3.147358286575993E-006  1.972116201262701E-006  7.320546671357559E-006
 -1.626465416987042E-006 -3.817468911377082E-007 -5.774832432971066E-006
  4.018348705740328E-006  4.020545670239056E-007 -5.160453132757002E-007
  3.049815695295013E-006 -9.893400231407102E-007 -2.614053995475606E-007
 -2.518127422813716E-006  9.961983893209066E-007 -2.443794740436486E-006
 -2.928014130751100E-007 -8.099310514115348E-007  2.376542295553644E-007
 -1.473609070284474E-007  7.975431923366856E-007 -6.290605392463827E-007
  2.100513017455363E-009 -8.331609064320487E-007  7.943165296569553E-006
 -4.956810324183093E-007 -6.077619201578473E-007  9.740708874069117E-006
  4.020545670230658E-007  1.446452319483873E-006 -1.458726772096355E-005
  7.216724800873803E-006  1.141121790998130E-006 -2.283126229709835E-006
 -4.098295273746423E-006  7.109110082953969E-006 -4.642704646908773E-007
 -9.532656359217691E-007 -2.118884693203281E-006  8.961946492178290E-007
 -3.185583503251611E-007  2.261222001333925E-006 -1.214991324210858E-006
 -1.468074816442506E-006  5.902367102804415E-006  2.185850818209253E-005
  1.375145888491270E-007  2.923314360730429E-007  1.662490365800411E-005
 -5.160453132871531E-007 -1.458726772096199E-005 -3.541721847070272E-005
 Masses in au
   21874.6618111745        29156.9463602902        1837.15258665392     
   1837.15258665392        1837.15258665392        1837.15258665392     
   1837.15258665392     
