 Coordinates, Gradient and Hessian of a Structure written by dl-find
           7           1           1
  0.000000000000000E+000
 Energy
  -116.093143816491     
 Coordinates
  -7.99015871927630        1.09824356331697       4.956110531321970E-002
  -5.40837276657458       0.889575787733505      -0.240977188240171     
  -9.01627727399975      -0.666381305342299      -0.202650129996187     
  -8.68560364275806        2.57356979911412       -1.18538490689676     
  -8.55829275743737        1.83250233863123        2.28375262525552     
  -4.80689393451787      -0.509718996511300       0.715715265510565     
  -9.03467168436969        2.53619251749122        4.52987871394123     
 Gradient
  1.818423660035919E-002 -1.274528875813041E-002 -4.129213002163280E-002
 -9.930119807460388E-003 -4.705078193038141E-003  6.404067331446328E-003
  1.238539162719438E-003  1.545877230962392E-003  1.556909840527894E-003
  9.559912306868585E-004 -9.796551536864256E-004  2.248613282497421E-003
 -7.868215708220038E-003  1.052067729067488E-002  3.255746577778275E-002
 -1.933181279827240E-003  5.528611806699429E-003 -3.971547707855607E-003
 -6.472501982568927E-004  8.348557765186466E-004  2.496621497232726E-003
 Hessian
  0.540811657987187       1.881435841071693E-002  8.452003520924264E-002
 -0.301418995085536       3.872186860184844E-002  1.497372485965201E-002
 -0.104651990850655      -0.108817327573591      -2.485782390955545E-002
 -7.254167443630133E-002  6.237346939134259E-002 -6.301208065362406E-002
 -3.858522736584971E-002 -1.316706417901966E-002 -3.881231638538299E-002
 -2.137190293800440E-002 -4.131476002084255E-003  7.738794241794916E-003
 -2.241867310841758E-003  6.206171350786277E-003  1.944966663787517E-002
  1.881435841071694E-002  0.600282762615672      -0.128850642485352     
 -7.180530540907468E-003 -8.413924748929048E-002  2.312158450393623E-002
 -0.100005275906619      -0.261379571283725      -3.094259935870215E-002
  5.352450230007508E-002 -0.199516755922821       0.138127759238123     
 -8.768745837923040E-003 -4.843927732783577E-002  2.150591140945056E-002
  3.969481563639232E-002 -3.280296397772756E-003 -5.091004665273458E-003
  3.920875938266129E-003 -3.527614194226066E-003 -1.787100864218370E-002
  8.452003520924264E-002 -0.128850642485352       0.295399102338627     
  2.140826595615785E-002  1.974595490516353E-002 -6.072359507842719E-002
 -1.613226775425402E-002 -2.369484136247885E-002 -4.324405604968552E-002
 -4.761370120379577E-002  0.129500660263439      -0.149553378084756     
 -2.927887320736249E-002  2.134433174635424E-002  9.566438020364441E-003
 -2.554990593173600E-002 -1.019332640739915E-004  2.165627978892556E-003
  1.264644693174900E-002 -1.794352980305067E-002 -5.361013912501800E-002
 -0.301418995085536      -7.180530540907481E-003  2.140826595615784E-002
  0.468675332905546      -0.157730640836441       4.759111763132180E-002
 -3.418425992261431E-002  2.619706825894789E-003  6.699411168177739E-003
 -2.296980716604864E-002  4.645960327926058E-003  3.528966559768053E-003
 -2.486008409502359E-002  1.061900026698738E-002  2.727990271302828E-002
 -8.804880535071093E-002  0.149831311583897      -9.851446919269580E-002
  2.806618714389505E-003 -2.804807627355672E-003 -7.993194835759887E-003
  3.872186860184845E-002 -8.413924748929047E-002  1.974595490516353E-002
 -0.157730640836441       0.410003101429546      -0.252510483480360     
 -2.889541468502263E-002  1.235637084328580E-002  5.237159549628279E-003
  3.221884032406534E-002  2.255508878606321E-004 -5.853187468787399E-003
  1.209626183202981E-002  9.116925246418979E-004 -7.421548755911801E-003
  0.104516747349435      -0.340286279298731       0.238034167509390     
 -9.276625859166852E-004  9.288111026833284E-004  2.767937740879648E-003
  1.497372485965200E-002  2.312158450393624E-002 -6.072359507842720E-002
  4.759111763132180E-002 -0.252510483480360       0.214271446184720     
 -3.649639449189048E-003  3.916153574895661E-004  4.650551858944234E-003
 -2.379102636764988E-002  3.096675125279526E-004  6.095481634133450E-003
  3.066729497795875E-002 -4.036381679687145E-003 -5.361466798591052E-003
 -6.413624150466425E-002  0.231329972216271      -0.162810295882725     
 -1.655230147428573E-003  1.394025569824134E-003  3.877878081944720E-003
 -0.104651990850655      -0.100005275906619      -1.613226775425401E-002
 -3.418425992261431E-002 -2.889541468502262E-002 -3.649639449189046E-003
  0.127047137316219       0.119106282774316       1.630246200945752E-002
  6.711852467545434E-003  8.529512282760757E-003  2.062647919423032E-003
  3.357281478698903E-003  2.940001062152910E-003  9.195928591039554E-004
  1.707510686058926E-003 -1.488314061303691E-003  1.268923919098048E-003
  1.246882474661853E-005 -1.867914662843701E-004 -7.717195036395495E-004
 -0.108817327573591      -0.261379571283725      -2.369484136247884E-002
  2.619706825894821E-003  1.235637084328585E-002  3.916153574895719E-004
  0.119106282774316       0.268486778521686       3.068871245300359E-002
 -9.770278647446661E-003 -1.542745100407051E-002 -6.043711657432772E-003
 -2.539026916277325E-003 -5.872318012605088E-003 -1.186492578828268E-003
 -8.178985900053229E-004  1.730283545547395E-003  3.467797929811125E-004
  2.185421271094175E-004  1.059073898817382E-004 -5.020620047343400E-004
 -2.485782390955546E-002 -3.094259935870216E-002 -4.324405604968552E-002
  6.699411168177736E-003  5.237159549628288E-003  4.650551858944230E-003
  1.630246200945751E-002  3.068871245300359E-002  4.424882400576471E-002
  9.763508473681879E-003  1.763475936155340E-002  5.079864988326160E-003
 -6.203427751835493E-003 -2.400058188160223E-002 -1.448067319720551E-002
 -9.508647226398480E-004 -4.325870223681199E-004 -5.035894596108982E-004
 -7.532652672868232E-004  1.815136898487039E-003  4.249077853467535E-003
 -7.254167443630136E-002  5.352450230007513E-002 -4.761370120379579E-002
 -2.296980716604866E-002  3.221884032406531E-002 -2.379102636764989E-002
  6.711852467545435E-003 -9.770278647446664E-003  9.763508473681883E-003
  9.413461771821761E-002 -7.324750285275368E-002  5.977722151114278E-002
  2.179824365953838E-003 -2.762933864161025E-003  2.347069956734517E-003
 -7.457985738037687E-003  1.516676019945437E-004 -6.899658487310072E-006
 -5.682721132917518E-005 -1.142948617736040E-004 -4.761727116263077E-004
  6.237346939134259E-002 -0.199516755922821       0.129500660263439     
  4.645960327926042E-003  2.255508878606710E-004  3.096675125279809E-004
  8.529512282760762E-003 -1.542745100407052E-002  1.763475936155340E-002
 -7.324750285275367E-002  0.207374370140507      -0.139056400688547     
 -1.398852689987714E-003  4.388596266515964E-003 -1.034797371075019E-002
 -4.339776593932869E-004  2.188706483634403E-003 -4.260081773988481E-004
 -4.686087998950353E-004  7.669831483735645E-004  2.385295439176809E-003
 -6.301208065362407E-002  0.138127759238123      -0.149553378084756     
  3.528966559768050E-003 -5.853187468787368E-003  6.095481634133451E-003
  2.062647919423026E-003 -6.043711657432769E-003  5.079864988326158E-003
  5.977722151114280E-002 -0.139056400688547       0.155115592006322     
 -3.814781894538662E-003  1.318417675151321E-002 -2.103693521347520E-002
  1.838509873421201E-003 -7.497760622492002E-004  1.531442521781292E-003
 -3.804833155930182E-004  3.911398873798420E-004  2.767932147669224E-003
 -3.858522736584973E-002 -8.768745837923041E-003 -2.927887320736249E-002
 -2.486008409502358E-002  1.209626183202980E-002  3.066729497795874E-002
  3.357281478698906E-003 -2.539026916277322E-003 -6.203427751835498E-003
  2.179824365953843E-003 -1.398852689987727E-003 -3.814781894538673E-003
  5.963711012983660E-002  5.916250065511704E-003  1.969962964896377E-002
  8.270484097792402E-004 -1.477529004417381E-003  1.159343077764107E-003
 -2.555952923394497E-003 -3.828357448935714E-003 -1.222918485095112E-002
 -1.316706417901967E-002 -4.843927732783577E-002  2.134433174635424E-002
  1.061900026698737E-002  9.116925246418852E-004 -4.036381679687132E-003
  2.940001062152915E-003 -5.872318012605095E-003 -2.400058188160223E-002
 -2.762933864161014E-003  4.388596266515974E-003  1.318417675151322E-002
  5.916250065511705E-003  4.815780086836385E-002 -2.237665823133827E-002
  3.440676059972996E-005  6.426792501861567E-004 -1.033676070641818E-003
 -3.579660112072003E-003  2.108264307325819E-004  1.691878936540339E-002
 -3.881231638538299E-002  2.150591140945056E-002  9.566438020364425E-003
  2.727990271302827E-002 -7.421548755911802E-003 -5.361466798591073E-003
  9.195928591039530E-004 -1.186492578828266E-003 -1.448067319720550E-002
  2.347069956734510E-003 -1.034797371075018E-002 -2.103693521347519E-002
  1.969962964896377E-002 -2.237665823133827E-002 -1.591888692539262E-002
 -2.174670505864416E-004  3.211255626967155E-003 -1.576492605791178E-004
 -1.121641174186239E-002  1.661550624041018E-002  4.738917337488108E-002
 -2.137190293800440E-002  3.969481563639234E-002 -2.554990593173598E-002
 -8.804880535071093E-002  0.104516747349435      -6.413624150466422E-002
  1.707510686058937E-003 -8.178985900053206E-004 -9.508647226398522E-004
 -7.457985738037696E-003 -4.339776593932600E-004  1.838509873421197E-003
  8.270484097792514E-004  3.440676059972452E-005 -2.174670505864466E-004
  0.114471000642150      -0.143132543356018       8.860707845032112E-002
 -1.268657112352721E-004  1.384498589885321E-004  4.088908858847583E-004
 -4.131476002084244E-003 -3.280296397772750E-003 -1.019332640739806E-004
  0.149831311583897      -0.340286279298731       0.231329972216271     
 -1.488314061303670E-003  1.730283545547415E-003 -4.325870223681369E-004
  1.516676019945426E-004  2.188706483634420E-003 -7.497760622492005E-004
 -1.477529004417340E-003  6.426792501861291E-004  3.211255626967154E-003
 -0.143132543356018       0.339511189038191      -0.232016065477276     
  2.468832379329715E-004 -5.062826210529998E-004 -1.240866017273208E-003
  7.738794241794912E-003 -5.091004665273461E-003  2.165627978892548E-003
 -9.851446919269581E-002  0.238034167509390      -0.162810295882725     
  1.268923919098058E-003  3.467797929811185E-004 -5.035894596109049E-004
 -6.899658487323214E-006 -4.260081773988202E-004  1.531442521781294E-003
  1.159343077764099E-003 -1.033676070641809E-003 -1.576492605791150E-004
  8.860707845032113E-002 -0.232016065477276       0.159551319914769     
 -2.527708377961029E-004  1.858070882167930E-004  2.231441874728498E-004
 -2.241867310841765E-003  3.920875938266134E-003  1.264644693174901E-002
  2.806618714389504E-003 -9.276625859166943E-004 -1.655230147428556E-003
  1.246882474661860E-005  2.185421271094161E-004 -7.532652672868216E-004
 -5.682721132917861E-005 -4.686087998950423E-004 -3.804833155930289E-004
 -2.555952923394490E-003 -3.579660112071999E-003 -1.121641174186239E-002
 -1.268657112352803E-004  2.468832379329653E-004 -2.527708377961106E-004
  2.162425617664226E-003  5.896301945750878E-004  1.611714378218402E-003
  6.206171350786277E-003 -3.527614194226068E-003 -1.794352980305066E-002
 -2.804807627355679E-003  9.288111026833292E-004  1.394025569824127E-003
 -1.867914662843699E-004  1.059073898817295E-004  1.815136898487042E-003
 -1.142948617736067E-004  7.669831483735522E-004  3.911398873798390E-004
 -3.828357448935717E-003  2.108264307325820E-004  1.661550624041018E-002
  1.384498589885377E-004 -5.062826210530111E-004  1.858070882168056E-004
  5.896301945750886E-004  2.021368743608076E-003 -2.458085881268086E-003
  1.944966663787517E-002 -1.787100864218369E-002 -5.361013912501800E-002
 -7.993194835759892E-003  2.767937740879662E-003  3.877878081944717E-003
 -7.717195036395533E-004 -5.020620047343396E-004  4.249077853467535E-003
 -4.761727116263070E-004  2.385295439176808E-003  2.767932147669217E-003
 -1.222918485095112E-002  1.691878936540339E-002  4.738917337488110E-002
  4.088908858847640E-004 -1.240866017273206E-003  2.231441874728542E-004
  1.611714378218401E-003 -2.458085881268085E-003 -4.897066520419503E-003
 Masses in au
   21874.6618111745        29156.9463602902        1837.15258665392     
   1837.15258665392        1837.15258665392        1837.15258665392     
   1837.15258665392     
