 Coordinates, Gradient and Hessian of a Structure written by dl-find
           7           1           1
  0.000000000000000E+000
 Energy
  -116.104657941510     
 Coordinates
  -7.96754095878608        1.07739364212047      -1.457376100165790E-002
  -5.41587157992072       0.893362799967179      -0.233510500247309     
  -9.02591752560098      -0.675044757231162      -9.512657256911330E-002
  -8.69853844382446        2.62405157925780       -1.12326902454917     
  -8.70447653191920        2.05096683518367        2.95410878166185     
  -4.81892676904777      -0.534160343231810       0.687063040865755     
  -9.00417376369263        2.48850526513753        4.36367763183083     
 Gradient
  2.487122804620904E-003  7.233182677856134E-003  2.102225884060425E-002
 -7.185100305099291E-003 -7.132277615585007E-003  1.428672644562460E-003
  1.515771160586216E-003  1.782774478604046E-003 -3.241453524218651E-003
  1.227247664783163E-003 -3.225004788157385E-003 -6.436308929802612E-004
  4.872654632331650E-003 -6.992143030939832E-003 -2.149484798999820E-002
 -1.483813013748528E-003  6.425058558517704E-003 -3.133383009316052E-003
 -1.433882943475853E-003  1.908409719701018E-003  6.062383931350426E-003
 Hessian
  0.575664033210286       6.406828911311951E-003  4.748086134200544E-002
 -0.360605716684492       4.492140197916156E-002  2.434751611308304E-002
 -0.114762171708472      -0.120334638098372      -1.528111511477539E-002
 -7.938337711573791E-002  7.391632058734314E-002 -6.281630346394071E-002
 -1.920228227023441E-003 -1.411852837345577E-003 -4.212286264953927E-003
 -2.124782473446014E-002 -4.682199867565768E-003  6.688120920586244E-003
  2.255285259898621E-003  1.184139325465205E-003  3.793206467996558E-003
  6.406828911311950E-003  0.586986388669005      -0.160226279196627     
 -1.922318593968233E-003 -8.572001014167029E-002  3.132100468961920E-002
 -0.108407307965902      -0.273737153243709      -1.628596100222567E-002
  6.233888426832034E-002 -0.222627858411675       0.152167329203332     
 -3.107753897737241E-003 -1.101738647988920E-003  1.178268312748709E-002
  4.153551161979884E-002 -3.525600015927704E-003 -5.475113011837738E-003
  3.156155658177959E-003 -2.740282080321959E-004 -1.328366380975148E-002
  4.748086134200544E-002 -0.160226279196627       0.184440471710620     
  2.765888666086939E-002  2.486759043754005E-002 -3.417983134532419E-002
 -4.328480927407861E-003  7.208349669223708E-003 -2.513613423313943E-002
 -4.742617558551598E-002  0.127896450323968      -0.122319824000938     
 -1.056049813220874E-002  1.229242325441405E-002  3.328299972102003E-002
 -2.368732076714867E-002  1.578799687657536E-003  1.735223430236778E-003
  1.086272740941063E-002 -1.361733417616747E-002 -3.782290528248513E-002
 -0.360605716684492      -1.922318593968236E-003  2.765888666086935E-002
  0.499973436093493      -0.153200642358953       5.881855419344472E-002
 -3.061058596830438E-002  3.379769306038760E-003  2.763311523529310E-003
 -2.091367166130548E-002  1.732692834881926E-003  4.317732218839194E-004
 -3.660316956449063E-003 -5.128726654500279E-004 -2.417136019057605E-003
 -8.550434741064304E-002  0.149078653148500      -9.303915538188556E-002
  1.321202587701672E-003  1.444718328953241E-003  5.783765801215045E-003
  4.492140197916156E-002 -8.572001014167023E-002  2.486759043754003E-002
 -0.153200642358953       0.424990789797073      -0.253322487651669     
 -2.913259989762096E-002  1.249886169783420E-002  6.297669295564176E-003
  3.260520648887760E-002  1.711841532060324E-003 -6.217559966601610E-003
  2.138565898234628E-003  7.766367944453371E-005 -8.054848923931380E-004
  0.103291901729887      -0.353426835040836       0.229694216445756     
 -6.238338395886271E-004 -1.323115239131892E-004 -5.139436681912548E-004
  2.434751611308304E-002  3.132100468961922E-002 -3.417983134532415E-002
  5.881855419344476E-002 -0.253322487651669       0.176025643493360     
 -2.690468660510569E-003 -2.131961905468243E-003  5.677200512538957E-003
 -2.207843784503209E-002  3.644671427149057E-004  4.215357574166654E-003
  6.002940830549993E-003 -1.393208348587953E-003 -3.173999724323051E-003
 -6.223850676395042E-002  0.224509854520128      -0.149834238237588     
 -2.161597867583604E-003  6.523315532672843E-004  1.269867727167494E-003
 -0.114762171708472      -0.108407307965902      -4.328480927407857E-003
 -3.061058596830437E-002 -2.913259989762094E-002 -2.690468660510586E-003
  0.134867228943600       0.129506730721862       5.860913370274070E-003
  8.173818013061482E-003  8.846131495298575E-003 -2.053759353718234E-004
  4.921786491930500E-004  4.554321130581641E-004 -9.537378334035365E-005
  1.888947268367739E-003 -1.337159984657294E-003  1.660132302633853E-003
 -4.941519744595898E-005  6.877351796167010E-005 -2.013463662772812E-004
 -0.120334638098372      -0.273737153243709       7.208349669223694E-003
  3.379769306038752E-003  1.249886169783421E-002 -2.131961905468269E-003
  0.129506730721862       0.272856563020435      -1.251733597124393E-004
 -1.105718887079229E-002 -1.256588744959310E-002 -5.060803126853529E-003
 -7.246874735258060E-004 -1.340871911266170E-003  1.685814780736966E-004
 -1.051517002464199E-003  1.748480104010777E-003  2.633685233853110E-004
  2.815314172533544E-004  5.400077822877764E-004 -3.223612786485202E-004
 -1.528111511477540E-002 -1.628596100222570E-002 -2.513613423313941E-002
  2.763311523529308E-003  6.297669295564173E-003  5.677200512538956E-003
  5.860913370274073E-003 -1.251733597124400E-004  1.944581662571456E-002
  8.055992079160175E-003  1.580010511038210E-002  4.935372752196779E-003
 -7.656160013681159E-004 -4.975189972813179E-003 -4.116830319378235E-003
 -7.114696481179106E-004 -1.640108534181354E-003 -1.215940128531611E-003
  7.798379129758939E-005  9.286584629858050E-004  4.105147905996234E-004
 -7.938337711573788E-002  6.233888426832035E-002 -4.742617558551596E-002
 -2.091367166130551E-002  3.260520648887762E-002 -2.207843784503206E-002
  8.173818013061485E-003 -1.105718887079228E-002  8.055992079160166E-003
  9.901969658625809E-002 -8.361162173337865E-002  6.139550609770253E-002
  2.822107389432755E-004 -5.802052820262498E-004  2.475694682976781E-004
 -7.106683379914886E-003  3.329056082389600E-004  9.740517825681536E-006
 -7.199318130454396E-005 -2.798047923967908E-005 -2.041947324380840E-004
  7.391632058734314E-002 -0.222627858411675       0.127896450323968     
  1.732692834881916E-003  1.711841532060274E-003  3.644671427149028E-004
  8.846131495298575E-003 -1.256588744959310E-002  1.580010511038210E-002
 -8.361162173337862E-002  0.230275571284907      -0.142300771560138     
  4.357281191476762E-005  2.853743072730072E-004 -2.548058430510362E-003
 -8.317331030347703E-004  2.685151256064636E-003  3.458737759750410E-004
 -9.536289302523060E-005  2.358074809625859E-004  4.419336376089398E-004
 -6.281630346394071E-002  0.152167329203332      -0.122319824000938     
  4.317732218839070E-004 -6.217559966601583E-003  4.215357574166664E-003
 -2.053759353718301E-004 -5.060803126853529E-003  4.935372752196773E-003
  6.139550609770254E-002 -0.142300771560138       0.114470335254784     
 -4.973536154864293E-004  2.196110839396334E-003 -5.127952798948064E-003
  1.607887350722378E-003 -1.018370940798232E-004  2.731578384928983E-003
  8.386634448971360E-005 -6.824682950560761E-004  1.095132833810437E-003
 -1.920228227023448E-003 -3.107753897737248E-003 -1.056049813220874E-002
 -3.660316956449054E-003  2.138565898234615E-003  6.002940830549987E-003
  4.921786491930484E-004 -7.246874735258092E-004 -7.656160013681153E-004
  2.822107389432731E-004  4.357281191477902E-005 -4.973536154864321E-004
  2.935442012922012E-002 -9.529273585387922E-003 -2.949871345798648E-002
 -1.805765825837978E-004  2.341796796969423E-005  1.568648095351252E-004
 -2.436768775130388E-002  1.115615827852396E-002  3.516237556697362E-002
 -1.411852837345583E-003 -1.101738647988891E-003  1.229242325441405E-002
 -5.128726654500316E-004  7.766367944454109E-005 -1.393208348587949E-003
  4.554321130581612E-004 -1.340871911266170E-003 -4.975189972813183E-003
 -5.802052820262506E-004  2.853743072729888E-004  2.196110839396323E-003
 -9.529273585387915E-003  3.475524540468570E-002  4.327236860572065E-002
  3.961221333753173E-004 -1.274638526691782E-004  4.220973907287017E-005
  1.118265012378191E-002 -3.254820897946725E-002 -5.143471411721587E-002
 -4.212286264953925E-003  1.178268312748708E-002  3.328299972102003E-002
 -2.417136019057609E-003 -8.054848923931187E-004 -3.173999724323036E-003
 -9.537378334035594E-005  1.685814780736979E-004 -4.116830319378238E-003
  2.475694682976785E-004 -2.548058430510358E-003 -5.127952798948068E-003
 -2.949871345798648E-002  4.327236860572065E-002  0.162014216979569     
  3.651642393502468E-004  1.024089242385561E-004  8.462664056982683E-004
  3.561077581771111E-002 -5.197249881257413E-002 -0.183724700263686     
 -2.124782473446014E-002  4.153551161979880E-002 -2.368732076714868E-002
 -8.550434741064306E-002  0.103291901729887      -6.223850676395040E-002
  1.888947268367761E-003 -1.051517002464195E-003 -7.114696481179131E-004
 -7.106683379914879E-003 -8.317331030347902E-004  1.607887350722384E-003
 -1.805765825837991E-004  3.961221333753253E-004  3.651642393502485E-004
  0.112165925283049      -0.143250098141752       8.480896827828789E-002
 -1.544044381604683E-005 -9.018723581240227E-005 -1.447226891418951E-004
 -4.682199867565765E-003 -3.525600015927696E-003  1.578799687657540E-003
  0.149078653148500      -0.353426835040836       0.224509854520128     
 -1.337159984657308E-003  1.748480104010773E-003 -1.640108534181348E-003
  3.329056082389784E-004  2.685151256064615E-003 -1.018370940798257E-004
  2.341796796967946E-005 -1.274638526691700E-004  1.024089242385570E-004
 -0.143250098141752       0.352594983613614      -0.224920108123500     
 -1.655187307306971E-004  5.128393574978768E-005  4.709906197331251E-004
  6.688120920586237E-003 -5.475113011837753E-003  1.735223430236788E-003
 -9.303915538188555E-002  0.229694216445756      -0.149834238237588     
  1.660132302633853E-003  2.633685233853142E-004 -1.215940128531611E-003
  9.740517825701135E-006  3.458737759750480E-004  2.731578384928990E-003
  1.568648095351176E-004  4.220973907287237E-005  8.462664056982777E-004
  8.480896827828791E-002 -0.224920108123500       0.146276188581305     
 -2.846714469845163E-004  4.955265114504509E-005 -5.390784360463053E-004
  2.255285259898634E-003  3.156155658177968E-003  1.086272740941064E-002
  1.321202587701677E-003 -6.238338395886255E-004 -2.161597867583613E-003
 -4.941519744595291E-005  2.815314172533567E-004  7.798379129758845E-005
 -7.199318130454869E-005 -9.536289302522357E-005  8.386634448971239E-005
 -2.436768775130389E-002  1.118265012378191E-002  3.561077581771110E-002
 -1.544044381604858E-005 -1.655187307307041E-004 -2.846714469845075E-004
  2.092804872627480E-002 -1.373562173585890E-002 -4.418908404835197E-002
  1.184139325465207E-003 -2.740282080321824E-004 -1.361733417616747E-002
  1.444718328953244E-003 -1.323115239131901E-004  6.523315532672911E-004
  6.877351796166984E-005  5.400077822877692E-004  9.286584629858029E-004
 -2.798047923968432E-005  2.358074809625944E-004 -6.824682950560870E-004
  1.115615827852396E-002 -3.254820897946723E-002 -5.197249881257414E-002
 -9.018723581240227E-005  5.128393574978768E-005  4.955265114504159E-005
 -1.373562173585890E-002  3.212744951239807E-002  6.464175861641568E-002
  3.793206467996565E-003 -1.328366380975147E-002 -3.782290528248512E-002
  5.783765801215030E-003 -5.139436681912529E-004  1.269867727167505E-003
 -2.013463662772862E-004 -3.223612786485192E-004  4.105147905996207E-004
 -2.041947324380892E-004  4.419336376089358E-004  1.095132833810436E-003
  3.516237556697362E-002 -5.143471411721588E-002 -0.183724700263686     
 -1.447226891418706E-004  4.709906197331181E-004 -5.390784360463228E-004
 -4.418908404835199E-002  6.464175861641568E-002  0.219311168630696     
 Masses in au
   21874.6618111745        29156.9463602902        1837.15258665392     
   1837.15258665392        1837.15258665392        1837.15258665392     
   1837.15258665392     
