 Coordinates, Gradient and Hessian of a Structure written by dl-find
           7           1           1
  0.000000000000000E+000
 Energy
  -116.109340111907     
 Coordinates
  -8.03455954798948        1.04904679730448      -3.050774725571060E-002
  -5.36420305143235       0.879851443295747      -0.263575862491091     
  -8.97733038541013      -0.662337479255053      -0.701708422507960     
  -8.64069353270907        2.62485112260913       -1.20390328333583     
  -8.61038987593302        1.42389392314172        1.91823904838203     
  -4.77406692572804      -0.349312950187221       0.926279192828200     
  -9.27159181843597        3.46918269661954        6.51442864889117     
 Gradient
 -1.285634680705442E-004 -3.537197989396208E-004 -7.260230153196503E-005
  1.012342029180945E-003 -8.015611906665337E-004  1.154426394429539E-004
 -2.939063696709287E-004  2.932752418050121E-004 -4.653888939940513E-004
 -5.189863049132830E-004  5.573258979024832E-005 -9.743757659059120E-005
  2.241641296850690E-004  9.303503399717018E-005  5.738689731654989E-004
 -2.911374950660760E-004  7.520032925941663E-004  3.572746715726532E-005
 -3.912521145180173E-006 -3.876516858043942E-005 -8.961030764911246E-005
 Hessian
  0.473978256094912      -2.293306594474514E-004  1.574568722887742E-002
 -0.240446684569186       2.705335368327648E-002 -2.421289577103950E-003
 -8.907897366996319E-002 -8.799401621396077E-002 -3.485410444168523E-002
 -6.265167850813504E-002  5.659964337333331E-002 -4.334634905249395E-002
 -6.203852144760694E-002  9.528049638744958E-003  5.588047906002427E-002
 -1.977844506924802E-002 -4.967312489113702E-003  8.969402122232149E-003
  1.604716922726923E-005  9.612667167083483E-006  2.617466014909279E-005
 -2.293306594474516E-004  0.588049912536790      -2.110416144827669E-002
 -5.659474156000556E-003 -7.606332988457160E-002  1.842932389080149E-002
 -8.354253715486812E-002 -0.235171355613979      -7.189246977102823E-002
  4.627235925724377E-002 -0.211969171974902       0.121187789550040     
  1.044672128500850E-002 -6.237036532676690E-002 -4.245470786336761E-002
  3.269687542396537E-002 -2.469299024337132E-003 -4.067822957632949E-003
  1.538600409814594E-005 -6.390712232659154E-006 -9.795140053599545E-005
  1.574568722887743E-002 -2.110416144827669E-002  0.585134797829264     
  3.387484580165868E-002  1.227364386247169E-002 -7.882913602413835E-002
 -3.426296675853938E-002 -7.036652421249860E-002 -8.261619643744983E-002
 -3.472524167571887E-002  0.120032149019056      -0.142474221563337     
  4.988701279323991E-002 -4.332162012736791E-002 -0.283224442159004     
 -3.055678728966434E-002  2.551736516474223E-003  2.133949810147735E-003
  3.744990014417481E-005 -6.522360985830968E-005 -1.247514554810136E-004
 -0.240446684569186      -5.659474156000552E-003  3.387484580165869E-002
  0.412116983746716      -0.124214640283063       7.526368434100343E-002
 -3.459593689866870E-002  1.092989549740057E-004  1.671962118968095E-003
 -2.258143945229210E-002  3.165486764232225E-003  3.668433204050629E-004
 -2.793373093729371E-002  3.587601647974690E-003  5.308918129233174E-003
 -8.657354303629435E-002  0.123017787309520      -0.116474225481088     
  1.435114701915026E-005 -6.060237637433468E-006 -1.202823018013608E-005
  2.705335368327647E-002 -7.606332988457168E-002  1.227364386247168E-002
 -0.124214640283063       0.308569520281660      -0.258639377771712     
 -2.670330547437031E-002  1.119671163233845E-002  5.140706741921825E-003
  3.155581251291769E-002  1.549554161318319E-003 -3.434349301789095E-003
  7.918110275211297E-003  2.727649649230891E-003 -4.686594169815796E-004
  8.440893660551960E-002 -0.247989744407309       0.245091274021914     
 -1.826731949359632E-005  9.638567331827699E-006  3.676186417528896E-005
 -2.421289577103956E-003  1.842932389080148E-002 -7.882913602413842E-002
  7.526368434100347E-002 -0.258639377771713       0.302681496451426     
 -9.228229071478642E-003  2.407137862065028E-003  5.659046595594686E-003
 -2.414694366848271E-002  5.740160198498018E-004  4.403447596409159E-003
  3.581566143485950E-002 -9.015778755260162E-004  5.689697623638391E-003
 -7.525675618638733E-002  0.238117347414039      -0.239635555743715     
 -2.612727240895694E-005  1.313046048482396E-005  3.100350078537955E-005
 -8.907897366996319E-002 -8.354253715486810E-002 -3.426296675853940E-002
 -3.459593689866868E-002 -2.670330547437033E-002 -9.228229071478643E-003
  0.112343097539849       9.957891078712180E-002  3.805284048913508E-002
  5.241878627005035E-003  6.457642600479888E-003  3.256976063784419E-003
  5.459234088342274E-003  5.719020625976753E-003  1.683900920645609E-003
  6.345147119970463E-004 -1.504108534100930E-003  5.048998321493533E-004
 -3.814398561167494E-006 -5.622850239098093E-006 -7.421475696458700E-006
 -8.799401621396076E-002 -0.235171355613979      -7.036652421249859E-002
  1.092989549740024E-004  1.119671163233841E-002  2.407137862065050E-003
  9.957891078712180E-002  0.247131044472579       7.804812552667631E-002
 -9.729009045996778E-003 -2.021554076206817E-002 -1.004486846558808E-002
 -1.599678405815374E-003 -3.708643319466087E-003 -5.688669655989493E-004
 -3.691518533599962E-004  7.812741878582061E-004  5.543644249325995E-004
  3.645777037105153E-006 -1.349059726230330E-005 -2.936816998837205E-005
 -3.485410444168523E-002 -7.189246977102817E-002 -8.261619643744984E-002
  1.671962118968093E-003  5.140706741921822E-003  5.659046595594657E-003
  3.805284048913508E-002  7.804812552667631E-002  7.911277667417059E-002
  8.111280401490657E-003  1.685677709827178E-002  7.499609927761729E-003
 -1.215356700854636E-002 -2.759220979167297E-002 -9.177822333508629E-003
 -8.328522660694616E-004 -5.592786177424562E-004 -4.559333304070810E-004
  4.440706707154548E-006 -1.651186426306488E-006 -2.148109616139450E-005
 -6.265167850813499E-002  4.627235925724375E-002 -3.472524167571889E-002
 -2.258143945229210E-002  3.155581251291770E-002 -2.414694366848273E-002
  5.241878627005044E-003 -9.729009045996766E-003  8.111280401490669E-003
  8.432924369388937E-002 -6.311860952644659E-002  4.597582827428749E-002
  3.400001975533170E-003 -6.335706701958625E-003  3.534917582291406E-003
 -7.736478710252092E-003  1.356722386774155E-003  1.263289038899183E-003
 -1.527625748376716E-006 -1.568882533625032E-006 -1.312995276714776E-005
  5.659964337333331E-002 -0.211969171974902       0.120032149019056     
  3.165486764232213E-003  1.549554161318324E-003  5.740160198497998E-004
  6.457642600479889E-003 -2.021554076206816E-002  1.685677709827178E-002
 -6.311860952644657E-002  0.223275538080304      -0.131181264706884     
 -2.552815733646846E-003  6.149159067515520E-003 -4.943442302900415E-003
 -5.480824691515284E-004  1.202800023867571E-003 -1.375379262648648E-003
 -3.265008800515808E-006  7.661403965297082E-006  3.714413525579316E-005
 -4.334634905249397E-002  0.121187789550040      -0.142474221563337     
  3.668433204050627E-004 -3.434349301789101E-003  4.403447596409119E-003
  3.256976063784413E-003 -1.004486846558808E-002  7.499609927761711E-003
  4.597582827428749E-002 -0.131181264706884       0.145806958675003     
 -7.662670278706182E-003  2.461020911574588E-002 -1.643422197142390E-002
  1.406462236627980E-003 -1.126719739004549E-003  1.201351308898076E-003
  2.909436095073084E-006 -1.079645252012961E-005 -2.923973310261437E-006
 -6.203852144760695E-002  1.044672128500851E-002  4.988701279323994E-002
 -2.793373093729372E-002  7.918110275211301E-003  3.581566143485952E-002
  5.459234088342281E-003 -1.599678405815366E-003 -1.215356700854635E-002
  3.400001975533163E-003 -2.552815733646847E-003 -7.662670278706183E-003
  7.919907566324572E-002 -1.300479908220174E-002 -6.718169806366021E-002
  1.910850027759309E-003 -1.225315265675821E-003  1.254925429105342E-003
  3.090630019597422E-006  1.777692712002043E-005  4.033569370819949E-005
  9.528049638744951E-003 -6.237036532676687E-002 -4.332162012736791E-002
  3.587601647974692E-003  2.727649649230893E-003 -9.015778755260011E-004
  5.719020625976742E-003 -3.708643319466068E-003 -2.759220979167297E-002
 -6.335706701958626E-003  6.149159067515523E-003  2.461020911574590E-002
 -1.300479908220173E-002  5.719423791494604E-002  4.823582784379041E-002
  4.925451531564468E-004  4.569402760834868E-005 -9.367585202449513E-004
  1.328871830794642E-005 -3.773201306791292E-005 -9.387064472463557E-005
  5.588047906002429E-002 -4.245470786336763E-002 -0.283224442159005     
  5.308918129233155E-003 -4.686594169815537E-004  5.689697623638371E-003
  1.683900920645605E-003 -5.688669655989464E-004 -9.177822333508638E-003
  3.534917582291380E-003 -4.943442302900412E-003 -1.643422197142391E-002
 -6.718169806366021E-002  4.823582784379041E-002  0.302289332178399     
  7.415343256929767E-004  3.089411621096683E-004  1.117909431761754E-003
  3.194804577533183E-005 -1.090924570517973E-004 -2.604527698633344E-004
 -1.977844506924802E-002  3.269687542396539E-002 -3.055678728966432E-002
 -8.657354303629433E-002  8.440893660551962E-002 -7.525675618638729E-002
  6.345147119970508E-004 -3.691518533600078E-004 -8.328522660694634E-004
 -7.736478710252108E-003 -5.480824691515224E-004  1.406462236627978E-003
  1.910850027759328E-003  4.925451531564451E-004  7.415343256929831E-004
  0.111546579350938      -0.116684735491423       0.104489861028497     
 -3.477274900378196E-006  3.612631292537699E-006  8.538151303167252E-006
 -4.967312489113696E-003 -2.469299024337081E-003  2.551736516474206E-003
  0.123017787309520      -0.247989744407309       0.238117347414038     
 -1.504108534100918E-003  7.812741878581978E-004 -5.592786177424419E-004
  1.356722386774154E-003  1.202800023867593E-003 -1.126719739004522E-003
 -1.225315265675832E-003  4.569402760836010E-005  3.089411621096706E-004
 -0.116684735491423       0.248438779851510      -0.239274072100432     
  6.962084020377843E-006 -9.504659197105912E-006 -1.795463544275007E-005
  8.969402122232151E-003 -4.067822957632955E-003  2.133949810147721E-003
 -0.116474225481088       0.245091274021914      -0.239635555743715     
  5.048998321493674E-004  5.543644249326017E-004 -4.559333304070916E-004
  1.263289038899173E-003 -1.375379262648619E-003  1.201351308898060E-003
  1.254925429105361E-003 -9.367585202449280E-004  1.117909431761731E-003
  0.104489861028497      -0.239274072100432       0.235629015192781     
 -8.151969796008908E-006  8.394394111053210E-006  9.263330532949682E-006
  1.604716922727268E-005  1.538600409813273E-005  3.744990014415864E-005
  1.435114701915990E-005 -1.826731949358697E-005 -2.612727240896937E-005
 -3.814398561165406E-006  3.645777037099703E-006  4.440706707154354E-006
 -1.527625748368067E-006 -3.265008800516219E-006  2.909436095076343E-006
  3.090630019601298E-006  1.328871830794507E-005  3.194804577532964E-005
 -3.477274900376575E-006  6.962084020415674E-006 -8.151969796011487E-006
 -2.466964705612342E-005 -1.775025516948998E-005 -4.246884651673819E-005
  9.612667167083005E-006 -6.390712232676609E-006 -6.522360985832062E-005
 -6.060237637430552E-006  9.638567331835577E-006  1.313046048482486E-005
 -5.622850239096094E-006 -1.349059726230438E-005 -1.651186426310607E-006
 -1.568882533623324E-006  7.661403965290176E-006 -1.079645252012564E-005
  1.777692712001825E-005 -3.773201306791407E-005 -1.090924570518016E-004
  3.612631292538388E-006 -9.504659197099653E-006  8.394394111059500E-006
 -1.775025516949032E-005  4.981801046286903E-005  1.652388512606744E-004
  2.617466014910803E-005 -9.795140053598494E-005 -1.247514554810306E-004
 -1.202823018013260E-005  3.676186417528224E-005  3.100350078537207E-005
 -7.421475696463836E-006 -2.936816998837770E-005 -2.148109616141184E-005
 -1.312995276715627E-005  3.714413525579245E-005 -2.923973310258577E-006
  4.033569370820229E-005 -9.387064472462935E-005 -2.604527698633347E-004
  8.538151303178152E-006 -1.795463544275636E-005  9.263330532953315E-006
 -4.246884651673708E-005  1.652388512606739E-004  3.693424634977111E-004
 Masses in au
   21874.6618111745        29156.9463602902        1837.15258665392     
   1837.15258665392        1837.15258665392        1837.15258665392     
   1837.15258665392     
