 Coordinates, Gradient and Hessian of a Structure written by dl-find
           7           1           1
  0.000000000000000E+000
 Energy
  -116.119151952097     
 Coordinates
  -7.95162171240001       0.926628603288283      -0.458096577353523     
  -5.38520944199660       0.918746364402115      -0.181859924162245     
  -8.95737657259746      -0.845732050440735      -0.347073624090961     
  -8.65323130220346        2.49440177924568       -1.56366982348025     
  -9.23041391854741        3.13015609557980        5.68342078169451     
  -4.87926347374166      -0.745253016069895       0.387585962248628     
  -9.20792824995097        3.31302475583503        7.08740889108080     
 Gradient
  6.579894028449992E-004 -3.209657462178845E-003  1.700742170720592E-003
 -1.574823376494190E-003  1.038606552167629E-002 -1.696910373342758E-003
  1.110439348504055E-004  1.451985878547783E-004  5.876129062734086E-004
 -8.468375537519054E-005  1.533593092539244E-003 -2.017691084492085E-003
 -2.577758038366623E-004 -5.200662609788162E-004 -4.613015507025852E-003
  9.819779364221878E-004 -8.940305659991687E-003  1.245476590271855E-003
  1.662716615872138E-004  6.051721810779773E-004  4.793785297595463E-003
 Hessian
  0.568420531892571       3.779676732325944E-002  0.102111221198806     
 -0.354387217257406       2.678205363507652E-002 -3.636219484110926E-002
 -0.114594975071385      -0.127385627844923      -3.795477335372205E-003
 -7.793844356339057E-002  7.069516667518025E-002 -6.244858423203339E-002
  1.522127767772366E-004  9.199141036811127E-005  3.020845974222857E-004
 -2.151630279176875E-002 -7.914543378594180E-003  4.342919067750617E-004
 -1.358059853976622E-004 -6.580782036749540E-005 -2.413412944887331E-004
  3.779676732325944E-002  0.607577061283312      -0.204915180444018     
 -2.903584844268644E-002 -9.015405851213322E-002  2.643710270022484E-002
 -0.110711697178932      -0.287664555061664       2.161611142276501E-002
  5.656388998657614E-002 -0.227304908664880       0.151705713628834     
 -2.401634045382151E-005  2.001817559102911E-005  1.113977418311041E-004
  4.539196522800084E-002 -2.453247617682129E-003  5.162146732018617E-003
  1.893942423615931E-005 -2.030960254305814E-005 -1.172917816549139E-004
  0.102111221198806      -0.204915180444018       0.145703561016025     
 -3.228927359702150E-002  3.305716052046822E-002 -1.805605092951137E-002
 -1.262086265973951E-003  3.696906004425907E-002 -1.433389679230116E-002
 -5.049661786012432E-002  0.134741104237229      -0.109173526361065     
 -2.671351589088452E-005  1.615148805132928E-004  3.229617443175284E-004
 -1.806058918336208E-002  1.354733207664089E-004 -4.088586307734625E-003
  2.405922356667778E-005 -1.491325592173171E-004 -3.744623697305593E-004
 -0.354387217257406      -2.903584844268643E-002 -3.228927359702152E-002
  0.468391554372601      -0.104347482119134       8.587487384279138E-002
 -2.453792635286323E-002  5.813106530582215E-003 -5.364393974845775E-003
 -1.772592954382206E-002 -7.892132964939484E-004 -2.472904758032543E-003
 -2.083427019656749E-004 -1.475346935604332E-004 -4.285504763179860E-004
 -7.171352111425236E-002  0.128408888667920      -4.565037505599947E-002
  1.813825977083430E-004  9.808335337381169E-005  3.306240194258098E-004
  2.678205363507651E-002 -9.015405851213332E-002  3.305716052046822E-002
 -0.104347482119134       0.494072053342069      -0.161852610124299     
 -2.793264535095410E-002  9.370967157063094E-003 -2.648232432469050E-003
  3.125342534612485E-002  4.040601522682604E-003 -1.393761815084800E-003
 -1.251322512809698E-005 -2.445082860922759E-005  8.164926103521741E-005
  7.425960751838218E-002 -0.417325260970117       0.132801157845815     
 -2.445804367533658E-006  2.014828904087951E-005 -4.536325546507352E-005
 -3.636219484110925E-002  2.643710270022483E-002 -1.805605092951139E-002
  8.587487384279144E-002 -0.161852610124299       7.424286540780504E-002
 -1.407438582756622E-003 -2.052974618728397E-003  1.454548065305003E-003
 -1.887054994899728E-002 -3.188765803733612E-003 -1.625994927507213E-003
 -8.758945911382969E-005  7.573029173046332E-006 -9.263554346171531E-005
 -2.920426280090465E-002  0.140641429073422      -5.603138373911297E-002
  5.716179009043645E-005  8.245743942036490E-006  1.086516664831183E-004
 -0.114594975071385      -0.110711697178932      -1.262086265973952E-003
 -2.453792635286321E-002 -2.793264535095412E-002 -1.407438582756651E-003
  0.128996485632506       0.132428140847008       1.340304599761736E-003
  8.192820899435117E-003  8.800157931596211E-003 -9.256517163439296E-005
 -1.108038833208749E-006  7.045002254518012E-006 -3.042552567231454E-005
  1.943605702041681E-003 -2.582733354217772E-003  1.437789370466706E-003
  1.097229099213586E-006 -8.267896754868268E-006  1.442157580886071E-005
 -0.127385627844923      -0.287664555061664       3.696906004425909E-002
  5.813106530582208E-003  9.370967157063089E-003 -2.052974618728378E-003
  0.132428140847008       0.285208680147248      -2.968028792638803E-002
 -9.788400310305947E-003 -9.452490241569418E-003 -4.684380631834306E-003
 -2.212135614191177E-005 -8.673853231760676E-005 -2.307909371667144E-005
 -1.060964544357882E-003  2.570261106411962E-003 -5.418357387723684E-004
  1.586667813793945E-005  5.387542482756703E-005  1.349796518066770E-005
 -3.795477335372210E-003  2.161611142276506E-002 -1.433389679230116E-002
 -5.364393974845783E-003 -2.648232432469053E-003  1.454548065305008E-003
  1.340304599761730E-003 -2.968028792638804E-002  1.188250829903450E-002
  7.953982236418165E-003  1.210802350404668E-002  1.313076919493692E-003
 -1.574764002696908E-005 -7.158825353478879E-005  4.919186075050552E-006
 -1.284643716994554E-004 -1.380155652012795E-003 -3.246113550953307E-004
  9.796485764523574E-006  5.612933759292454E-005  3.455677488249925E-006
 -7.793844356339057E-002  5.656388998657615E-002 -5.049661786012428E-002
 -1.772592954382209E-002  3.125342534612484E-002 -1.887054994899726E-002
  8.192820899435124E-003 -9.788400310305955E-003  7.953982236418163E-003
  9.393003086834770E-002 -7.732074318971763E-002  6.452853720993812E-002
  6.817930511556010E-006 -2.165003527330335E-005 -1.011443484227615E-006
 -6.460961903681275E-003 -7.022712290830956E-004 -3.114394732054179E-003
 -4.334687400467825E-006  1.574943167901553E-005  5.453830364575375E-008
  7.069516667518026E-002 -0.227304908664880       0.134741104237229     
 -7.892132964939325E-004  4.040601522682576E-003 -3.188765803733618E-003
  8.800157931596220E-003 -9.452490241569441E-003  1.210802350404670E-002
 -7.732074318971764E-002  0.230378802893321      -0.144909637105629     
  1.173435406157381E-006  8.973477957039552E-006  4.051008848125583E-005
 -1.383457409122476E-003  2.335127967012322E-003  1.228665410495033E-003
 -3.084146848570088E-006 -6.106954522680580E-006 -1.990033088954018E-005
 -6.244858423203338E-002  0.151705713628834      -0.109173526361064     
 -2.472904758032565E-003 -1.393761815084815E-003 -1.625994927507198E-003
 -9.256517163439542E-005 -4.684380631834290E-003  1.313076919493699E-003
  6.452853720993811E-002 -0.144909637105629       0.106728835792428     
 -1.628141224742415E-005  7.175785642054556E-005 -8.728860534656948E-005
  4.897180765330669E-004 -7.348361846745664E-004  2.800908924581883E-003
  1.208028747653980E-005 -5.485574803199175E-005  4.398825741453705E-005
  1.522127767772394E-004 -2.401634045382432E-005 -2.671351589088625E-005
 -2.083427019656646E-004 -1.251322512809232E-005 -8.758945911383548E-005
 -1.108038833209247E-006 -2.212135614192047E-005 -1.574764002696737E-005
  6.817930511554922E-006  1.173435406155527E-006 -1.628141224742677E-005
  3.904235226898856E-003  7.139658558836666E-004  5.642187331257587E-003
 -3.748824548440213E-005  4.431057344264913E-005  4.762789701119934E-005
 -3.816326947902885E-003 -7.007989430074657E-004 -5.543483200990411E-003
  9.199141036811519E-005  2.001817559101390E-005  1.615148805133003E-004
 -1.475346935604334E-004 -2.445082860923208E-005  7.573029173037733E-006
  7.045002254522134E-006 -8.673853231760731E-005 -7.158825353479116E-005
 -2.165003527330223E-005  8.973477957040797E-006  7.175785642054811E-005
  7.139658558836656E-004  9.723457229087833E-003  4.429796256549719E-002
  5.491422755609818E-005 -4.281042247845292E-005 -2.648548549264990E-005
 -6.987317672170064E-004 -9.598449099221319E-003 -4.444073459258249E-002
  3.020845974222916E-004  1.113977418311064E-004  3.229617443175391E-004
 -4.285504763179967E-004  8.164926103519920E-005 -9.263554346172260E-005
 -3.042552567231200E-005 -2.307909371667016E-005  4.919186075049894E-006
 -1.011443484218519E-006  4.051008848127528E-005 -8.728860534657322E-005
  5.642187331257586E-003  4.429796256549719E-002  0.345114818187315     
  4.467274669269834E-005 -5.853181637457126E-005  8.040724650887115E-005
 -5.528957229807316E-003 -4.444990874668144E-002 -0.345343182215454     
 -2.151630279176875E-002  4.539196522800083E-002 -1.806058918336209E-002
 -7.171352111425235E-002  7.425960751838212E-002 -2.920426280090466E-002
  1.943605702041673E-003 -1.060964544357886E-003 -1.284643716994523E-004
 -6.460961903681295E-003 -1.383457409122471E-003  4.897180765330514E-004
 -3.748824548440074E-005  5.491422755609630E-005  4.467274669268690E-005
  9.776380356341662E-002 -0.117222328090117       4.689639003295239E-002
  2.086478972827127E-005 -3.973693034292392E-005 -3.746450021184238E-005
 -7.914543378594180E-003 -2.453247617682095E-003  1.354733207664235E-004
  0.128408888667920      -0.417325260970117       0.140641429073422     
 -2.582733354217747E-003  2.570261106411971E-003 -1.380155652012782E-003
 -7.022712290831197E-004  2.335127967012326E-003 -7.348361846745743E-004
  4.431057344265948E-005 -4.281042247843770E-005 -5.853181637454285E-005
 -0.117222328090117       0.414887783611329      -0.138654047070798     
 -3.132318935039598E-005  2.814632552707263E-005  5.066832967095831E-005
  4.342919067750795E-004  5.162146732018621E-003 -4.088586307734631E-003
 -4.565037505599949E-002  0.132801157845815      -5.603138373911295E-002
  1.437789370466706E-003 -5.418357387723484E-004 -3.246113550953281E-004
 -3.114394732054178E-003  1.228665410495016E-003  2.800908924581874E-003
  4.762789701120191E-005 -2.648548549265278E-005  8.040724650886773E-005
  4.689639003295240E-002 -0.138654047070798       5.761532162690429E-002
 -5.132941915200526E-005  3.039830673342673E-005 -5.205639605200952E-005
 -1.358059853976669E-004  1.893942423614785E-005  2.405922356667738E-005
  1.813825977083611E-004 -2.445804367523480E-006  5.716179009044069E-005
  1.097229099215716E-006  1.586667813793285E-005  9.796485764521243E-006
 -4.334687400480860E-006 -3.084146848566376E-006  1.208028747653503E-005
 -3.816326947902880E-003 -6.987317672170047E-004 -5.528957229807297E-003
  2.086478972827422E-005 -3.132318935036594E-005 -5.132941915201006E-005
  3.753123004163712E-003  7.007788054082300E-004  5.477188862061859E-003
 -6.580782036749524E-005 -2.030960254305931E-005 -1.491325592173107E-004
  9.808335337381436E-005  2.014828904087697E-005  8.245743942030434E-006
 -8.267896754869459E-006  5.387542482756978E-005  5.612933759292687E-005
  1.574943167902277E-005 -6.106954522677242E-006 -5.485574803199225E-005
 -7.007989430074669E-004 -9.598449099221322E-003 -4.444990874668144E-002
 -3.973693034293092E-005  2.814632552707088E-005  3.039830673343197E-005
  7.007788054082308E-004  9.522695616882239E-003  4.455912366566824E-002
 -2.413412944887326E-004 -1.172917816549098E-004 -3.744623697305519E-004
  3.306240194257972E-004 -4.536325546507840E-005  1.086516664831125E-004
  1.442157580886378E-005  1.349796518067226E-005  3.455677488248684E-006
  5.453830366397447E-008 -1.990033088952550E-005  4.398825741453602E-005
 -5.543483200990410E-003 -4.444073459258249E-002 -0.345343182215454     
 -3.746450021182140E-005  5.066832967094432E-005 -5.205639605202350E-005
  5.477188862061856E-003  4.455912366566826E-002  0.345613605379896     
 Masses in au
   21874.6618111745        29156.9463602902        1837.15258665392     
   1837.15258665392        1837.15258665392        1837.15258665392     
   1837.15258665392     
